package,date,downloads
@angular/core,2015-01-10,0
@angular/core,2015-01-11,0
@angular/core,2015-01-12,0
@angular/core,2015-01-13,0
@angular/core,2015-01-14,0
@angular/core,2015-01-15,0
@angular/core,2015-01-16,0
@angular/core,2015-01-17,0
@angular/core,2015-01-18,0
@angular/core,2015-01-19,0
@angular/core,2015-01-20,0
@angular/core,2015-01-21,0
@angular/core,2015-01-22,0
@angular/core,2015-01-23,0
@angular/core,2015-01-24,0
@angular/core,2015-01-25,0
@angular/core,2015-01-26,0
@angular/core,2015-01-27,0
@angular/core,2015-01-28,0
@angular/core,2015-01-29,0
@angular/core,2015-01-30,0
@angular/core,2015-01-31,0
@angular/core,2015-02-01,0
@angular/core,2015-02-02,0
@angular/core,2015-02-03,0
@angular/core,2015-02-04,0
@angular/core,2015-02-05,0
@angular/core,2015-02-06,0
@angular/core,2015-02-07,0
@angular/core,2015-02-08,0
@angular/core,2015-02-09,0
@angular/core,2015-02-10,0
@angular/core,2015-02-11,0
@angular/core,2015-02-12,0
@angular/core,2015-02-13,0
@angular/core,2015-02-14,0
@angular/core,2015-02-15,0
@angular/core,2015-02-16,0
@angular/core,2015-02-17,0
@angular/core,2015-02-18,0
@angular/core,2015-02-19,0
@angular/core,2015-02-20,0
@angular/core,2015-02-21,0
@angular/core,2015-02-22,0
@angular/core,2015-02-23,0
@angular/core,2015-02-24,0
@angular/core,2015-02-25,0
@angular/core,2015-02-26,0
@angular/core,2015-02-27,0
@angular/core,2015-02-28,0
@angular/core,2015-03-01,0
@angular/core,2015-03-02,0
@angular/core,2015-03-03,0
@angular/core,2015-03-04,0
@angular/core,2015-03-05,0
@angular/core,2015-03-06,0
@angular/core,2015-03-07,0
@angular/core,2015-03-08,0
@angular/core,2015-03-09,0
@angular/core,2015-03-10,0
@angular/core,2015-03-11,0
@angular/core,2015-03-12,0
@angular/core,2015-03-13,0
@angular/core,2015-03-14,0
@angular/core,2015-03-15,0
@angular/core,2015-03-16,0
@angular/core,2015-03-17,0
@angular/core,2015-03-18,0
@angular/core,2015-03-19,0
@angular/core,2015-03-20,0
@angular/core,2015-03-21,0
@angular/core,2015-03-22,0
@angular/core,2015-03-23,0
@angular/core,2015-03-24,0
@angular/core,2015-03-25,0
@angular/core,2015-03-26,0
@angular/core,2015-03-27,0
@angular/core,2015-03-28,0
@angular/core,2015-03-29,0
@angular/core,2015-03-30,0
@angular/core,2015-03-31,0
@angular/core,2015-04-01,0
@angular/core,2015-04-02,0
@angular/core,2015-04-03,0
@angular/core,2015-04-04,0
@angular/core,2015-04-05,0
@angular/core,2015-04-06,0
@angular/core,2015-04-07,0
@angular/core,2015-04-08,0
@angular/core,2015-04-09,0
@angular/core,2015-04-10,0
@angular/core,2015-04-11,0
@angular/core,2015-04-12,0
@angular/core,2015-04-13,0
@angular/core,2015-04-14,0
@angular/core,2015-04-15,0
@angular/core,2015-04-16,0
@angular/core,2015-04-17,0
@angular/core,2015-04-18,0
@angular/core,2015-04-19,0
@angular/core,2015-04-20,0
@angular/core,2015-04-21,0
@angular/core,2015-04-22,0
@angular/core,2015-04-23,0
@angular/core,2015-04-24,0
@angular/core,2015-04-25,0
@angular/core,2015-04-26,0
@angular/core,2015-04-27,0
@angular/core,2015-04-28,0
@angular/core,2015-04-29,0
@angular/core,2015-04-30,0
@angular/core,2015-05-01,0
@angular/core,2015-05-02,0
@angular/core,2015-05-03,0
@angular/core,2015-05-04,0
@angular/core,2015-05-05,0
@angular/core,2015-05-06,0
@angular/core,2015-05-07,0
@angular/core,2015-05-08,0
@angular/core,2015-05-09,0
@angular/core,2015-05-10,0
@angular/core,2015-05-11,0
@angular/core,2015-05-12,0
@angular/core,2015-05-13,0
@angular/core,2015-05-14,0
@angular/core,2015-05-15,0
@angular/core,2015-05-16,0
@angular/core,2015-05-17,0
@angular/core,2015-05-18,0
@angular/core,2015-05-19,0
@angular/core,2015-05-20,0
@angular/core,2015-05-21,0
@angular/core,2015-05-22,0
@angular/core,2015-05-23,0
@angular/core,2015-05-24,0
@angular/core,2015-05-25,0
@angular/core,2015-05-26,0
@angular/core,2015-05-27,0
@angular/core,2015-05-28,0
@angular/core,2015-05-29,0
@angular/core,2015-05-30,0
@angular/core,2015-05-31,0
@angular/core,2015-06-01,0
@angular/core,2015-06-02,0
@angular/core,2015-06-03,0
@angular/core,2015-06-04,0
@angular/core,2015-06-05,0
@angular/core,2015-06-06,0
@angular/core,2015-06-07,0
@angular/core,2015-06-08,0
@angular/core,2015-06-09,0
@angular/core,2015-06-10,0
@angular/core,2015-06-11,0
@angular/core,2015-06-12,0
@angular/core,2015-06-13,0
@angular/core,2015-06-14,0
@angular/core,2015-06-15,0
@angular/core,2015-06-16,0
@angular/core,2015-06-17,0
@angular/core,2015-06-18,0
@angular/core,2015-06-19,0
@angular/core,2015-06-20,0
@angular/core,2015-06-21,0
@angular/core,2015-06-22,0
@angular/core,2015-06-23,0
@angular/core,2015-06-24,0
@angular/core,2015-06-25,0
@angular/core,2015-06-26,0
@angular/core,2015-06-27,0
@angular/core,2015-06-28,0
@angular/core,2015-06-29,0
@angular/core,2015-06-30,0
@angular/core,2015-07-01,0
@angular/core,2015-07-02,0
@angular/core,2015-07-03,0
@angular/core,2015-07-04,0
@angular/core,2015-07-05,0
@angular/core,2015-07-06,0
@angular/core,2015-07-07,0
@angular/core,2015-07-08,0
@angular/core,2015-07-09,0
@angular/core,2015-07-10,0
@angular/core,2015-07-11,0
@angular/core,2015-07-12,0
@angular/core,2015-07-13,0
@angular/core,2015-07-14,0
@angular/core,2015-07-15,0
@angular/core,2015-07-16,0
@angular/core,2015-07-17,0
@angular/core,2015-07-18,0
@angular/core,2015-07-19,0
@angular/core,2015-07-20,0
@angular/core,2015-07-21,0
@angular/core,2015-07-22,0
@angular/core,2015-07-23,0
@angular/core,2015-07-24,0
@angular/core,2015-07-25,0
@angular/core,2015-07-26,0
@angular/core,2015-07-27,0
@angular/core,2015-07-28,0
@angular/core,2015-07-29,0
@angular/core,2015-07-30,0
@angular/core,2015-07-31,0
@angular/core,2015-08-01,0
@angular/core,2015-08-02,0
@angular/core,2015-08-03,0
@angular/core,2015-08-04,0
@angular/core,2015-08-05,0
@angular/core,2015-08-06,0
@angular/core,2015-08-07,0
@angular/core,2015-08-08,0
@angular/core,2015-08-09,0
@angular/core,2015-08-10,0
@angular/core,2015-08-11,0
@angular/core,2015-08-12,0
@angular/core,2015-08-13,0
@angular/core,2015-08-14,0
@angular/core,2015-08-15,0
@angular/core,2015-08-16,0
@angular/core,2015-08-17,0
@angular/core,2015-08-18,0
@angular/core,2015-08-19,0
@angular/core,2015-08-20,0
@angular/core,2015-08-21,0
@angular/core,2015-08-22,0
@angular/core,2015-08-23,0
@angular/core,2015-08-24,0
@angular/core,2015-08-25,0
@angular/core,2015-08-26,0
@angular/core,2015-08-27,0
@angular/core,2015-08-28,0
@angular/core,2015-08-29,0
@angular/core,2015-08-30,0
@angular/core,2015-08-31,0
@angular/core,2015-09-01,0
@angular/core,2015-09-02,0
@angular/core,2015-09-03,0
@angular/core,2015-09-04,0
@angular/core,2015-09-05,0
@angular/core,2015-09-06,0
@angular/core,2015-09-07,0
@angular/core,2015-09-08,0
@angular/core,2015-09-09,0
@angular/core,2015-09-10,0
@angular/core,2015-09-11,0
@angular/core,2015-09-12,0
@angular/core,2015-09-13,0
@angular/core,2015-09-14,0
@angular/core,2015-09-15,0
@angular/core,2015-09-16,0
@angular/core,2015-09-17,0
@angular/core,2015-09-18,0
@angular/core,2015-09-19,0
@angular/core,2015-09-20,0
@angular/core,2015-09-21,0
@angular/core,2015-09-22,0
@angular/core,2015-09-23,0
@angular/core,2015-09-24,0
@angular/core,2015-09-25,0
@angular/core,2015-09-26,0
@angular/core,2015-09-27,0
@angular/core,2015-09-28,0
@angular/core,2015-09-29,0
@angular/core,2015-09-30,0
@angular/core,2015-10-01,0
@angular/core,2015-10-02,0
@angular/core,2015-10-03,0
@angular/core,2015-10-04,0
@angular/core,2015-10-05,0
@angular/core,2015-10-06,0
@angular/core,2015-10-07,0
@angular/core,2015-10-08,0
@angular/core,2015-10-09,0
@angular/core,2015-10-10,0
@angular/core,2015-10-11,0
@angular/core,2015-10-12,0
@angular/core,2015-10-13,0
@angular/core,2015-10-14,0
@angular/core,2015-10-15,0
@angular/core,2015-10-16,0
@angular/core,2015-10-17,0
@angular/core,2015-10-18,0
@angular/core,2015-10-19,0
@angular/core,2015-10-20,0
@angular/core,2015-10-21,0
@angular/core,2015-10-22,0
@angular/core,2015-10-23,0
@angular/core,2015-10-24,0
@angular/core,2015-10-25,0
@angular/core,2015-10-26,0
@angular/core,2015-10-27,0
@angular/core,2015-10-28,0
@angular/core,2015-10-29,0
@angular/core,2015-10-30,0
@angular/core,2015-10-31,0
@angular/core,2015-11-01,0
@angular/core,2015-11-02,0
@angular/core,2015-11-03,0
@angular/core,2015-11-04,0
@angular/core,2015-11-05,0
@angular/core,2015-11-06,0
@angular/core,2015-11-07,0
@angular/core,2015-11-08,0
@angular/core,2015-11-09,0
@angular/core,2015-11-10,0
@angular/core,2015-11-11,0
@angular/core,2015-11-12,0
@angular/core,2015-11-13,0
@angular/core,2015-11-14,0
@angular/core,2015-11-15,0
@angular/core,2015-11-16,0
@angular/core,2015-11-17,0
@angular/core,2015-11-18,0
@angular/core,2015-11-19,0
@angular/core,2015-11-20,0
@angular/core,2015-11-21,0
@angular/core,2015-11-22,0
@angular/core,2015-11-23,0
@angular/core,2015-11-24,0
@angular/core,2015-11-25,0
@angular/core,2015-11-26,0
@angular/core,2015-11-27,0
@angular/core,2015-11-28,0
@angular/core,2015-11-29,0
@angular/core,2015-11-30,0
@angular/core,2015-12-01,0
@angular/core,2015-12-02,0
@angular/core,2015-12-03,0
@angular/core,2015-12-04,0
@angular/core,2015-12-05,0
@angular/core,2015-12-06,0
@angular/core,2015-12-07,0
@angular/core,2015-12-08,0
@angular/core,2015-12-09,0
@angular/core,2015-12-10,0
@angular/core,2015-12-11,0
@angular/core,2015-12-12,0
@angular/core,2015-12-13,0
@angular/core,2015-12-14,0
@angular/core,2015-12-15,0
@angular/core,2015-12-16,0
@angular/core,2015-12-17,0
@angular/core,2015-12-18,0
@angular/core,2015-12-19,0
@angular/core,2015-12-20,0
@angular/core,2015-12-21,0
@angular/core,2015-12-22,0
@angular/core,2015-12-23,0
@angular/core,2015-12-24,0
@angular/core,2015-12-25,0
@angular/core,2015-12-26,0
@angular/core,2015-12-27,0
@angular/core,2015-12-28,0
@angular/core,2015-12-29,0
@angular/core,2015-12-30,0
@angular/core,2015-12-31,0
@angular/core,2016-01-01,0
@angular/core,2016-01-02,0
@angular/core,2016-01-03,0
@angular/core,2016-01-04,0
@angular/core,2016-01-05,0
@angular/core,2016-01-06,0
@angular/core,2016-01-07,0
@angular/core,2016-01-08,0
@angular/core,2016-01-09,0
@angular/core,2016-01-10,0
@angular/core,2016-01-11,0
@angular/core,2016-01-12,0
@angular/core,2016-01-13,0
@angular/core,2016-01-14,0
@angular/core,2016-01-15,0
@angular/core,2016-01-16,0
@angular/core,2016-01-17,0
@angular/core,2016-01-18,0
@angular/core,2016-01-19,0
@angular/core,2016-01-20,0
@angular/core,2016-01-21,0
@angular/core,2016-01-22,0
@angular/core,2016-01-23,0
@angular/core,2016-01-24,0
@angular/core,2016-01-25,0
@angular/core,2016-01-26,0
@angular/core,2016-01-27,0
@angular/core,2016-01-28,0
@angular/core,2016-01-29,0
@angular/core,2016-01-30,0
@angular/core,2016-01-31,0
@angular/core,2016-02-01,0
@angular/core,2016-02-02,0
@angular/core,2016-02-03,0
@angular/core,2016-02-04,0
@angular/core,2016-02-05,0
@angular/core,2016-02-06,0
@angular/core,2016-02-07,0
@angular/core,2016-02-08,0
@angular/core,2016-02-09,0
@angular/core,2016-02-10,0
@angular/core,2016-02-11,0
@angular/core,2016-02-12,0
@angular/core,2016-02-13,0
@angular/core,2016-02-14,0
@angular/core,2016-02-15,0
@angular/core,2016-02-16,0
@angular/core,2016-02-17,0
@angular/core,2016-02-18,0
@angular/core,2016-02-19,0
@angular/core,2016-02-20,0
@angular/core,2016-02-21,0
@angular/core,2016-02-22,0
@angular/core,2016-02-23,0
@angular/core,2016-02-24,0
@angular/core,2016-02-25,0
@angular/core,2016-02-26,0
@angular/core,2016-02-27,0
@angular/core,2016-02-28,0
@angular/core,2016-02-29,0
@angular/core,2016-03-01,0
@angular/core,2016-03-02,0
@angular/core,2016-03-03,0
@angular/core,2016-03-04,0
@angular/core,2016-03-05,0
@angular/core,2016-03-06,0
@angular/core,2016-03-07,0
@angular/core,2016-03-08,0
@angular/core,2016-03-09,0
@angular/core,2016-03-10,0
@angular/core,2016-03-11,0
@angular/core,2016-03-12,0
@angular/core,2016-03-13,0
@angular/core,2016-03-14,0
@angular/core,2016-03-15,0
@angular/core,2016-03-16,0
@angular/core,2016-03-17,0
@angular/core,2016-03-18,0
@angular/core,2016-03-19,0
@angular/core,2016-03-20,0
@angular/core,2016-03-21,0
@angular/core,2016-03-22,0
@angular/core,2016-03-23,0
@angular/core,2016-03-24,0
@angular/core,2016-03-25,0
@angular/core,2016-03-26,0
@angular/core,2016-03-27,0
@angular/core,2016-03-28,0
@angular/core,2016-03-29,0
@angular/core,2016-03-30,0
@angular/core,2016-03-31,0
@angular/core,2016-04-01,0
@angular/core,2016-04-02,0
@angular/core,2016-04-03,0
@angular/core,2016-04-04,0
@angular/core,2016-04-05,0
@angular/core,2016-04-06,0
@angular/core,2016-04-07,0
@angular/core,2016-04-08,0
@angular/core,2016-04-09,0
@angular/core,2016-04-10,0
@angular/core,2016-04-11,0
@angular/core,2016-04-12,0
@angular/core,2016-04-13,0
@angular/core,2016-04-14,0
@angular/core,2016-04-15,0
@angular/core,2016-04-16,0
@angular/core,2016-04-17,0
@angular/core,2016-04-18,0
@angular/core,2016-04-19,0
@angular/core,2016-04-20,0
@angular/core,2016-04-21,0
@angular/core,2016-04-22,0
@angular/core,2016-04-23,0
@angular/core,2016-04-24,0
@angular/core,2016-04-25,0
@angular/core,2016-04-26,0
@angular/core,2016-04-27,0
@angular/core,2016-04-28,0
@angular/core,2016-04-29,0
@angular/core,2016-04-30,0
@angular/core,2016-05-01,0
@angular/core,2016-05-02,0
@angular/core,2016-05-03,0
@angular/core,2016-05-04,0
@angular/core,2016-05-05,0
@angular/core,2016-05-06,0
@angular/core,2016-05-07,0
@angular/core,2016-05-08,0
@angular/core,2016-05-09,0
@angular/core,2016-05-10,0
@angular/core,2016-05-11,0
@angular/core,2016-05-12,0
@angular/core,2016-05-13,0
@angular/core,2016-05-14,0
@angular/core,2016-05-15,0
@angular/core,2016-05-16,0
@angular/core,2016-05-17,0
@angular/core,2016-05-18,0
@angular/core,2016-05-19,0
@angular/core,2016-05-20,0
@angular/core,2016-05-21,0
@angular/core,2016-05-22,0
@angular/core,2016-05-23,0
@angular/core,2016-05-24,0
@angular/core,2016-05-25,0
@angular/core,2016-05-26,0
@angular/core,2016-05-27,0
@angular/core,2016-05-28,0
@angular/core,2016-05-29,0
@angular/core,2016-05-30,0
@angular/core,2016-05-31,0
@angular/core,2016-06-01,0
@angular/core,2016-06-02,0
@angular/core,2016-06-03,0
@angular/core,2016-06-04,0
@angular/core,2016-06-05,0
@angular/core,2016-06-06,0
@angular/core,2016-06-07,0
@angular/core,2016-06-08,0
@angular/core,2016-06-09,0
@angular/core,2016-06-10,0
@angular/core,2016-06-11,0
@angular/core,2016-06-12,0
@angular/core,2016-06-13,0
@angular/core,2016-06-14,0
@angular/core,2016-06-15,0
@angular/core,2016-06-16,0
@angular/core,2016-06-17,0
@angular/core,2016-06-18,0
@angular/core,2016-06-19,0
@angular/core,2016-06-20,0
@angular/core,2016-06-21,0
@angular/core,2016-06-22,0
@angular/core,2016-06-23,0
@angular/core,2016-06-24,0
@angular/core,2016-06-25,0
@angular/core,2016-06-26,0
@angular/core,2016-06-27,0
@angular/core,2016-06-28,0
@angular/core,2016-06-29,0
@angular/core,2016-06-30,0
@angular/core,2016-07-01,0
@angular/core,2016-07-02,0
@angular/core,2016-07-03,0
@angular/core,2016-07-04,0
@angular/core,2016-07-05,0
@angular/core,2016-07-06,0
@angular/core,2016-07-07,0
@angular/core,2016-07-08,0
@angular/core,2016-07-09,0
@angular/core,2016-07-10,0
@angular/core,2016-07-11,0
@angular/core,2016-07-12,0
@angular/core,2016-07-13,0
@angular/core,2016-07-14,0
@angular/core,2016-07-15,0
@angular/core,2016-07-16,0
@angular/core,2016-07-17,0
@angular/core,2016-07-18,0
@angular/core,2016-07-19,0
@angular/core,2016-07-20,0
@angular/core,2016-07-21,0
@angular/core,2016-07-22,0
@angular/core,2016-07-23,0
@angular/core,2016-07-24,0
@angular/core,2016-07-25,0
@angular/core,2016-07-26,0
@angular/core,2016-07-27,0
@angular/core,2016-07-28,0
@angular/core,2016-07-29,0
@angular/core,2016-07-30,0
@angular/core,2016-07-31,0
@angular/core,2016-08-01,0
@angular/core,2016-08-02,0
@angular/core,2016-08-03,0
@angular/core,2016-08-04,0
@angular/core,2016-08-05,0
@angular/core,2016-08-06,0
@angular/core,2016-08-07,0
@angular/core,2016-08-08,0
@angular/core,2016-08-09,0
@angular/core,2016-08-10,0
@angular/core,2016-08-11,0
@angular/core,2016-08-12,0
@angular/core,2016-08-13,0
@angular/core,2016-08-14,0
@angular/core,2016-08-15,0
@angular/core,2016-08-16,0
@angular/core,2016-08-17,0
@angular/core,2016-08-18,0
@angular/core,2016-08-19,0
@angular/core,2016-08-20,0
@angular/core,2016-08-21,0
@angular/core,2016-08-22,0
@angular/core,2016-08-23,0
@angular/core,2016-08-24,0
@angular/core,2016-08-25,0
@angular/core,2016-08-26,0
@angular/core,2016-08-27,0
@angular/core,2016-08-28,0
@angular/core,2016-08-29,0
@angular/core,2016-08-30,0
@angular/core,2016-08-31,0
@angular/core,2016-09-01,0
@angular/core,2016-09-02,0
@angular/core,2016-09-03,0
@angular/core,2016-09-04,0
@angular/core,2016-09-05,0
@angular/core,2016-09-06,0
@angular/core,2016-09-07,0
@angular/core,2016-09-08,0
@angular/core,2016-09-09,0
@angular/core,2016-09-10,0
@angular/core,2016-09-11,0
@angular/core,2016-09-12,0
@angular/core,2016-09-13,0
@angular/core,2016-09-14,0
@angular/core,2016-09-15,0
@angular/core,2016-09-16,0
@angular/core,2016-09-17,0
@angular/core,2016-09-18,0
@angular/core,2016-09-19,0
@angular/core,2016-09-20,0
@angular/core,2016-09-21,0
@angular/core,2016-09-22,0
@angular/core,2016-09-23,0
@angular/core,2016-09-24,0
@angular/core,2016-09-25,0
@angular/core,2016-09-26,0
@angular/core,2016-09-27,0
@angular/core,2016-09-28,0
@angular/core,2016-09-29,0
@angular/core,2016-09-30,0
@angular/core,2016-10-01,10585
@angular/core,2016-10-02,10004
@angular/core,2016-10-03,22568
@angular/core,2016-10-04,24036
@angular/core,2016-10-05,23016
@angular/core,2016-10-06,26193
@angular/core,2016-10-07,24405
@angular/core,2016-10-08,11662
@angular/core,2016-10-09,10525
@angular/core,2016-10-10,24690
@angular/core,2016-10-11,17415
@angular/core,2016-10-12,23833
@angular/core,2016-10-13,31239
@angular/core,2016-10-14,26157
@angular/core,2016-10-15,12753
@angular/core,2016-10-16,11087
@angular/core,2016-10-17,27955
@angular/core,2016-10-18,27712
@angular/core,2016-10-19,26644
@angular/core,2016-10-20,27282
@angular/core,2016-10-21,24374
@angular/core,2016-10-22,12317
@angular/core,2016-10-23,11398
@angular/core,2016-10-24,28697
@angular/core,2016-10-25,27624
@angular/core,2016-10-26,26049
@angular/core,2016-10-27,26766
@angular/core,2016-10-28,26466
@angular/core,2016-10-29,10968
@angular/core,2016-10-30,9978
@angular/core,2016-10-31,23990
@angular/core,2016-11-01,23551
@angular/core,2016-11-02,26594
@angular/core,2016-11-03,26959
@angular/core,2016-11-04,23549
@angular/core,2016-11-05,10673
@angular/core,2016-11-06,9998
@angular/core,2016-11-07,27079
@angular/core,2016-11-08,25987
@angular/core,2016-11-09,23187
@angular/core,2016-11-10,23983
@angular/core,2016-11-11,20857
@angular/core,2016-11-12,9611
@angular/core,2016-11-13,9888
@angular/core,2016-11-14,25748
@angular/core,2016-11-15,30329
@angular/core,2016-11-16,30480
@angular/core,2016-11-17,31322
@angular/core,2016-11-18,29382
@angular/core,2016-11-19,12166
@angular/core,2016-11-20,11922
@angular/core,2016-11-21,29898
@angular/core,2016-11-22,30603
@angular/core,2016-11-23,33812
@angular/core,2016-11-24,28928
@angular/core,2016-11-25,23769
@angular/core,2016-11-26,11594
@angular/core,2016-11-27,11608
@angular/core,2016-11-28,29530
@angular/core,2016-11-29,30529
@angular/core,2016-11-30,30193
@angular/core,2016-12-01,31304
@angular/core,2016-12-02,28085
@angular/core,2016-12-03,12518
@angular/core,2016-12-04,11640
@angular/core,2016-12-05,30416
@angular/core,2016-12-06,32311
@angular/core,2016-12-07,33173
@angular/core,2016-12-08,35792
@angular/core,2016-12-09,32504
@angular/core,2016-12-10,13318
@angular/core,2016-12-11,12942
@angular/core,2016-12-12,34011
@angular/core,2016-12-13,34513
@angular/core,2016-12-14,33662
@angular/core,2016-12-15,36668
@angular/core,2016-12-16,31597
@angular/core,2016-12-17,13521
@angular/core,2016-12-18,12687
@angular/core,2016-12-19,33669
@angular/core,2016-12-20,36593
@angular/core,2016-12-21,37955
@angular/core,2016-12-22,35687
@angular/core,2016-12-23,24200
@angular/core,2016-12-24,10674
@angular/core,2016-12-25,8932
@angular/core,2016-12-26,17152
@angular/core,2016-12-27,23439
@angular/core,2016-12-28,24152
@angular/core,2016-12-29,22653
@angular/core,2016-12-30,18802
@angular/core,2016-12-31,8795
@angular/core,2017-01-01,7868
@angular/core,2017-01-02,20443
@angular/core,2017-01-03,31383
@angular/core,2017-01-04,31567
@angular/core,2017-01-05,31925
@angular/core,2017-01-06,29279
@angular/core,2017-01-07,15666
@angular/core,2017-01-08,14607
@angular/core,2017-01-09,37931
@angular/core,2017-01-10,38266
@angular/core,2017-01-11,38977
@angular/core,2017-01-12,41848
@angular/core,2017-01-13,35090
@angular/core,2017-01-14,14987
@angular/core,2017-01-15,14403
@angular/core,2017-01-16,36030
@angular/core,2017-01-17,38540
@angular/core,2017-01-18,37924
@angular/core,2017-01-19,45201
@angular/core,2017-01-20,36529
@angular/core,2017-01-21,15849
@angular/core,2017-01-22,14905
@angular/core,2017-01-23,37997
@angular/core,2017-01-24,38525
@angular/core,2017-01-25,39676
@angular/core,2017-01-26,42724
@angular/core,2017-01-27,37370
@angular/core,2017-01-28,17108
@angular/core,2017-01-29,15975
@angular/core,2017-01-30,38669
@angular/core,2017-01-31,39478
@angular/core,2017-02-01,38838
@angular/core,2017-02-02,40076
@angular/core,2017-02-03,48760
@angular/core,2017-02-04,19204
@angular/core,2017-02-05,17877
@angular/core,2017-02-06,45323
@angular/core,2017-02-07,46265
@angular/core,2017-02-08,44655
@angular/core,2017-02-09,52759
@angular/core,2017-02-10,42543
@angular/core,2017-02-11,18648
@angular/core,2017-02-12,18696
@angular/core,2017-02-13,46534
@angular/core,2017-02-14,46425
@angular/core,2017-02-15,44755
@angular/core,2017-02-16,44520
@angular/core,2017-02-17,40976
@angular/core,2017-02-18,20612
@angular/core,2017-02-19,21512
@angular/core,2017-02-20,52267
@angular/core,2017-02-21,52647
@angular/core,2017-02-22,53419
@angular/core,2017-02-23,47365
@angular/core,2017-02-24,43037
@angular/core,2017-02-25,25061
@angular/core,2017-02-26,20710
@angular/core,2017-02-27,45624
@angular/core,2017-02-28,43723
@angular/core,2017-03-01,46981
@angular/core,2017-03-02,58678
@angular/core,2017-03-03,47769
@angular/core,2017-03-04,21637
@angular/core,2017-03-05,18353
@angular/core,2017-03-06,50803
@angular/core,2017-03-07,50706
@angular/core,2017-03-08,45328
@angular/core,2017-03-09,48898
@angular/core,2017-03-10,45740
@angular/core,2017-03-11,23012
@angular/core,2017-03-12,18058
@angular/core,2017-03-13,46963
@angular/core,2017-03-14,49882
@angular/core,2017-03-15,32988
@angular/core,2017-03-16,43614
@angular/core,2017-03-17,51786
@angular/core,2017-03-18,21501
@angular/core,2017-03-19,19942
@angular/core,2017-03-20,52343
@angular/core,2017-03-21,54577
@angular/core,2017-03-22,58309
@angular/core,2017-03-23,56557
@angular/core,2017-03-24,59999
@angular/core,2017-03-25,23334
@angular/core,2017-03-26,20678
@angular/core,2017-03-27,57017
@angular/core,2017-03-28,55796
@angular/core,2017-03-29,57358
@angular/core,2017-03-30,61574
@angular/core,2017-03-31,50041
@angular/core,2017-04-01,20649
@angular/core,2017-04-02,18727
@angular/core,2017-04-03,52393
@angular/core,2017-04-04,53901
@angular/core,2017-04-05,54655
@angular/core,2017-04-06,53884
@angular/core,2017-04-07,47289
@angular/core,2017-04-08,19879
@angular/core,2017-04-09,18885
@angular/core,2017-04-10,53144
@angular/core,2017-04-11,56661
@angular/core,2017-04-12,64689
@angular/core,2017-04-13,53895
@angular/core,2017-04-14,38759
@angular/core,2017-04-15,18036
@angular/core,2017-04-16,16086
@angular/core,2017-04-17,36965
@angular/core,2017-04-18,54822
@angular/core,2017-04-19,55470
@angular/core,2017-04-20,54008
@angular/core,2017-04-21,59525
@angular/core,2017-04-22,24048
@angular/core,2017-04-23,21078
@angular/core,2017-04-24,60347
@angular/core,2017-04-25,57687
@angular/core,2017-04-26,65003
@angular/core,2017-04-27,64007
@angular/core,2017-04-28,54684
@angular/core,2017-04-29,20780
@angular/core,2017-04-30,19997
@angular/core,2017-05-01,34644
@angular/core,2017-05-02,56110
@angular/core,2017-05-03,61115
@angular/core,2017-05-04,61667
@angular/core,2017-05-05,57001
@angular/core,2017-05-06,21602
@angular/core,2017-05-07,20032
@angular/core,2017-05-08,56523
@angular/core,2017-05-09,61970
@angular/core,2017-05-10,64078
@angular/core,2017-05-11,65682
@angular/core,2017-05-12,55581
@angular/core,2017-05-13,22113
@angular/core,2017-05-14,19561
@angular/core,2017-05-15,59022
@angular/core,2017-05-16,61128
@angular/core,2017-05-17,61823
@angular/core,2017-05-18,66484
@angular/core,2017-05-19,57583
@angular/core,2017-05-20,21970
@angular/core,2017-05-21,20171
@angular/core,2017-05-22,57827
@angular/core,2017-05-23,61156
@angular/core,2017-05-24,60928
@angular/core,2017-05-25,51909
@angular/core,2017-05-26,49953
@angular/core,2017-05-27,21540
@angular/core,2017-05-28,20423
@angular/core,2017-05-29,51176
@angular/core,2017-05-30,59329
@angular/core,2017-05-31,58936
@angular/core,2017-06-01,63420
@angular/core,2017-06-02,56926
@angular/core,2017-06-03,20763
@angular/core,2017-06-04,19186
@angular/core,2017-06-05,49251
@angular/core,2017-06-06,58509
@angular/core,2017-06-07,60914
@angular/core,2017-06-08,60663
@angular/core,2017-06-09,56888
@angular/core,2017-06-10,20527
@angular/core,2017-06-11,19603
@angular/core,2017-06-12,61333
@angular/core,2017-06-13,75087
@angular/core,2017-06-14,66838
@angular/core,2017-06-15,62300
@angular/core,2017-06-16,63831
@angular/core,2017-06-17,27667
@angular/core,2017-06-18,22158
@angular/core,2017-06-19,76040
@angular/core,2017-06-20,72404
@angular/core,2017-06-21,67429
@angular/core,2017-06-22,81017
@angular/core,2017-06-23,62249
@angular/core,2017-06-24,23743
@angular/core,2017-06-25,21009
@angular/core,2017-06-26,62203
@angular/core,2017-06-27,67290
@angular/core,2017-06-28,68685
@angular/core,2017-06-29,68527
@angular/core,2017-06-30,69180
@angular/core,2017-07-01,23102
@angular/core,2017-07-02,24099
@angular/core,2017-07-03,62264
@angular/core,2017-07-04,58699
@angular/core,2017-07-05,65385
@angular/core,2017-07-06,65307
@angular/core,2017-07-07,59683
@angular/core,2017-07-08,31640
@angular/core,2017-07-09,23022
@angular/core,2017-07-10,75669
@angular/core,2017-07-11,72734
@angular/core,2017-07-12,70530
@angular/core,2017-07-13,69893
@angular/core,2017-07-14,63875
@angular/core,2017-07-15,26683
@angular/core,2017-07-16,23755
@angular/core,2017-07-17,74038
@angular/core,2017-07-18,74797
@angular/core,2017-07-19,80732
@angular/core,2017-07-20,81377
@angular/core,2017-07-21,65452
@angular/core,2017-07-22,24801
@angular/core,2017-07-23,22589
@angular/core,2017-07-24,74883
@angular/core,2017-07-25,74819
@angular/core,2017-07-26,72287
@angular/core,2017-07-27,80013
@angular/core,2017-07-28,71221
@angular/core,2017-07-29,24651
@angular/core,2017-07-30,23264
@angular/core,2017-07-31,65197
@angular/core,2017-08-01,57532
@angular/core,2017-08-02,78263
@angular/core,2017-08-03,77014
@angular/core,2017-08-04,64631
@angular/core,2017-08-05,23856
@angular/core,2017-08-06,22630
@angular/core,2017-08-07,65780
@angular/core,2017-08-08,70497
@angular/core,2017-08-09,72049
@angular/core,2017-08-10,75673
@angular/core,2017-08-11,71454
@angular/core,2017-08-12,25328
@angular/core,2017-08-13,23417
@angular/core,2017-08-14,66012
@angular/core,2017-08-15,62592
@angular/core,2017-08-16,80865
@angular/core,2017-08-17,81408
@angular/core,2017-08-18,65326
@angular/core,2017-08-19,25325
@angular/core,2017-08-20,23785
@angular/core,2017-08-21,68736
@angular/core,2017-08-22,77362
@angular/core,2017-08-23,76991
@angular/core,2017-08-24,82671
@angular/core,2017-08-25,65483
@angular/core,2017-08-26,26071
@angular/core,2017-08-27,24382
@angular/core,2017-08-28,74517
@angular/core,2017-08-29,75492
@angular/core,2017-08-30,75960
@angular/core,2017-08-31,72096
@angular/core,2017-09-01,60234
@angular/core,2017-09-02,34758
@angular/core,2017-09-03,23031
@angular/core,2017-09-04,56740
@angular/core,2017-09-05,71584
@angular/core,2017-09-06,72182
@angular/core,2017-09-07,70887
@angular/core,2017-09-08,66642
@angular/core,2017-09-09,24220
@angular/core,2017-09-10,23267
@angular/core,2017-09-11,72393
@angular/core,2017-09-12,78360
@angular/core,2017-09-13,78485
@angular/core,2017-09-14,74768
@angular/core,2017-09-15,74525
@angular/core,2017-09-16,31732
@angular/core,2017-09-17,27233
@angular/core,2017-09-18,91497
@angular/core,2017-09-19,104453
@angular/core,2017-09-20,92233
@angular/core,2017-09-21,82332
@angular/core,2017-09-22,74354
@angular/core,2017-09-23,28501
@angular/core,2017-09-24,26386
@angular/core,2017-09-25,78824
@angular/core,2017-09-26,86699
@angular/core,2017-09-27,79742
@angular/core,2017-09-28,89802
@angular/core,2017-09-29,80601
@angular/core,2017-09-30,28564
@angular/core,2017-10-01,26694
@angular/core,2017-10-02,76669
@angular/core,2017-10-03,82203
@angular/core,2017-10-04,90511
@angular/core,2017-10-05,81929
@angular/core,2017-10-06,78096
@angular/core,2017-10-07,28576
@angular/core,2017-10-08,27020
@angular/core,2017-10-09,80032
@angular/core,2017-10-10,85068
@angular/core,2017-10-11,87722
@angular/core,2017-10-12,91788
@angular/core,2017-10-13,87057
@angular/core,2017-10-14,30838
@angular/core,2017-10-15,29598
@angular/core,2017-10-16,86831
@angular/core,2017-10-17,89889
@angular/core,2017-10-18,84981
@angular/core,2017-10-19,101799
@angular/core,2017-10-20,79375
@angular/core,2017-10-21,29276
@angular/core,2017-10-22,28249
@angular/core,2017-10-23,88335
@angular/core,2017-10-24,101122
@angular/core,2017-10-25,94167
@angular/core,2017-10-26,86414
@angular/core,2017-10-27,82558
@angular/core,2017-10-28,33047
@angular/core,2017-10-29,28403
@angular/core,2017-10-30,82975
@angular/core,2017-10-31,87677
@angular/core,2017-11-01,87180
@angular/core,2017-11-02,98465
@angular/core,2017-11-03,96235
@angular/core,2017-11-04,31191
@angular/core,2017-11-05,30861
@angular/core,2017-11-06,90898
@angular/core,2017-11-07,103308
@angular/core,2017-11-08,108809
@angular/core,2017-11-09,100583
@angular/core,2017-11-10,85856
@angular/core,2017-11-11,33586
@angular/core,2017-11-12,31726
@angular/core,2017-11-13,94805
@angular/core,2017-11-14,99774
@angular/core,2017-11-15,95210
@angular/core,2017-11-16,104828
@angular/core,2017-11-17,92480
@angular/core,2017-11-18,33490
@angular/core,2017-11-19,31870
@angular/core,2017-11-20,97927
@angular/core,2017-11-21,97958
@angular/core,2017-11-22,107066
@angular/core,2017-11-23,87353
@angular/core,2017-11-24,72284
@angular/core,2017-11-25,31212
@angular/core,2017-11-26,31181
@angular/core,2017-11-27,95989
@angular/core,2017-11-28,100121
@angular/core,2017-11-29,101986
@angular/core,2017-11-30,95605
@angular/core,2017-12-01,112065
@angular/core,2017-12-02,34455
@angular/core,2017-12-03,31287
@angular/core,2017-12-04,107192
@angular/core,2017-12-05,101838
@angular/core,2017-12-06,103813
@angular/core,2017-12-07,102200
@angular/core,2017-12-08,86212
@angular/core,2017-12-09,31071
@angular/core,2017-12-10,30346
@angular/core,2017-12-11,98903
@angular/core,2017-12-12,101151
@angular/core,2017-12-13,110791
@angular/core,2017-12-14,104851
@angular/core,2017-12-15,87542
@angular/core,2017-12-16,29337
@angular/core,2017-12-17,28692
@angular/core,2017-12-18,93934
@angular/core,2017-12-19,96283
@angular/core,2017-12-20,107803
@angular/core,2017-12-21,98394
@angular/core,2017-12-22,71437
@angular/core,2017-12-23,24861
@angular/core,2017-12-24,21822
@angular/core,2017-12-25,27360
@angular/core,2017-12-26,50797
@angular/core,2017-12-27,66210
@angular/core,2017-12-28,63247
@angular/core,2017-12-29,53001
@angular/core,2017-12-30,22894
@angular/core,2017-12-31,18486
@angular/core,2018-01-01,20021
@angular/core,2018-01-02,70228
@angular/core,2018-01-03,84882
@angular/core,2018-01-04,108205
@angular/core,2018-01-05,84450
@angular/core,2018-01-06,36853
@angular/core,2018-01-07,30566
@angular/core,2018-01-08,92037
@angular/core,2018-01-09,97826
@angular/core,2018-01-10,122880
@angular/core,2018-01-11,110342
@angular/core,2018-01-12,98977
@angular/core,2018-01-13,34730
@angular/core,2018-01-14,38279
@angular/core,2018-01-15,94153
@angular/core,2018-01-16,102140
@angular/core,2018-01-17,118664
@angular/core,2018-01-18,112766
@angular/core,2018-01-19,102251
@angular/core,2018-01-20,39208
@angular/core,2018-01-21,37595
@angular/core,2018-01-22,110292
@angular/core,2018-01-23,108735
@angular/core,2018-01-24,103181
@angular/core,2018-01-25,122353
@angular/core,2018-01-26,94251
@angular/core,2018-01-27,36290
@angular/core,2018-01-28,33985
@angular/core,2018-01-29,107721
@angular/core,2018-01-30,109203
@angular/core,2018-01-31,122902
@angular/core,2018-02-01,116181
@angular/core,2018-02-02,97949
@angular/core,2018-02-03,35597
@angular/core,2018-02-04,33039
@angular/core,2018-02-05,104749
@angular/core,2018-02-06,110261
@angular/core,2018-02-07,116127
@angular/core,2018-02-08,120491
@angular/core,2018-02-09,101279
@angular/core,2018-02-10,35876
@angular/core,2018-02-11,34626
@angular/core,2018-02-12,104432
@angular/core,2018-02-13,106811
@angular/core,2018-02-14,122277
@angular/core,2018-02-15,106537
@angular/core,2018-02-16,102429
@angular/core,2018-02-17,35637
@angular/core,2018-02-18,34073
@angular/core,2018-02-19,100238
@angular/core,2018-02-20,111610
@angular/core,2018-02-21,110878
@angular/core,2018-02-22,136119
@angular/core,2018-02-23,106499
@angular/core,2018-02-24,45897
@angular/core,2018-02-25,38818
@angular/core,2018-02-26,113960
@angular/core,2018-02-27,118314
@angular/core,2018-02-28,122928
@angular/core,2018-03-01,119215
@angular/core,2018-03-02,96639
@angular/core,2018-03-03,38208
@angular/core,2018-03-04,35399
@angular/core,2018-03-05,111918
@angular/core,2018-03-06,117401
@angular/core,2018-03-07,130258
@angular/core,2018-03-08,120694
@angular/core,2018-03-09,105014
@angular/core,2018-03-10,38963
@angular/core,2018-03-11,35953
@angular/core,2018-03-12,114052
@angular/core,2018-03-13,119816
@angular/core,2018-03-14,123494
@angular/core,2018-03-15,128970
@angular/core,2018-03-16,117860
@angular/core,2018-03-17,47689
@angular/core,2018-03-18,37649
@angular/core,2018-03-19,117677
@angular/core,2018-03-20,121765
@angular/core,2018-03-21,130113
@angular/core,2018-03-22,117406
@angular/core,2018-03-23,105152
@angular/core,2018-03-24,37611
@angular/core,2018-03-25,34264
@angular/core,2018-03-26,113574
@angular/core,2018-03-27,117160
@angular/core,2018-03-28,113004
@angular/core,2018-03-29,104994
@angular/core,2018-03-30,79497
@angular/core,2018-03-31,30793
@angular/core,2018-04-01,27757
@angular/core,2018-04-02,78992
@angular/core,2018-04-03,110433
@angular/core,2018-04-04,110838
@angular/core,2018-04-05,116417
@angular/core,2018-04-06,104709
@angular/core,2018-04-07,31865
@angular/core,2018-04-08,31654
@angular/core,2018-04-09,101910
@angular/core,2018-04-10,111927
@angular/core,2018-04-11,108244
@angular/core,2018-04-12,100324
@angular/core,2018-04-13,96314
@angular/core,2018-04-14,39354
@angular/core,2018-04-15,32458
@angular/core,2018-04-16,141985
@angular/core,2018-04-17,131496
@angular/core,2018-04-18,121246
@angular/core,2018-04-19,117191
@angular/core,2018-04-20,104461
@angular/core,2018-04-21,35571
@angular/core,2018-04-22,34802
@angular/core,2018-04-23,115097
@angular/core,2018-04-24,118903
@angular/core,2018-04-25,114305
@angular/core,2018-04-26,112537
@angular/core,2018-04-27,108193
@angular/core,2018-04-28,35673
@angular/core,2018-04-29,32383
@angular/core,2018-04-30,91213
@angular/core,2018-05-01,73667
@angular/core,2018-05-02,108746
@angular/core,2018-05-03,129170
@angular/core,2018-05-04,111205
@angular/core,2018-05-05,38859
@angular/core,2018-05-06,35801
@angular/core,2018-05-07,116482
@angular/core,2018-05-08,126220
@angular/core,2018-05-09,116445
@angular/core,2018-05-10,106635
@angular/core,2018-05-11,117374
@angular/core,2018-05-12,38302
@angular/core,2018-05-13,35964
@angular/core,2018-05-14,123733
@angular/core,2018-05-15,138846
@angular/core,2018-05-16,160771
@angular/core,2018-05-17,140984
@angular/core,2018-05-18,114445
@angular/core,2018-05-19,39291
@angular/core,2018-05-20,36503
@angular/core,2018-05-21,106436
@angular/core,2018-05-22,138627
@angular/core,2018-05-23,138931
@angular/core,2018-05-24,119521
@angular/core,2018-05-25,107695
@angular/core,2018-05-26,3387
@angular/core,2018-05-27,3668
@angular/core,2018-05-28,10581
@angular/core,2018-05-29,172878
@angular/core,2018-05-30,232611
@angular/core,2018-05-31,235832
@angular/core,2018-06-01,219236
@angular/core,2018-06-02,37379
@angular/core,2018-06-03,34927
@angular/core,2018-06-04,121221
@angular/core,2018-06-05,129268
@angular/core,2018-06-06,142579
@angular/core,2018-06-07,136581
@angular/core,2018-06-08,116550
@angular/core,2018-06-09,39503
@angular/core,2018-06-10,37106
@angular/core,2018-06-11,122249
@angular/core,2018-06-12,127466
@angular/core,2018-06-13,144177
@angular/core,2018-06-14,132423
@angular/core,2018-06-15,107743
@angular/core,2018-06-16,35358
@angular/core,2018-06-17,33716
@angular/core,2018-06-18,122611
@angular/core,2018-06-19,130111
@angular/core,2018-06-20,143866
@angular/core,2018-06-21,135899
@angular/core,2018-06-22,113450
@angular/core,2018-06-23,37377
@angular/core,2018-06-24,35294
@angular/core,2018-06-25,125011
@angular/core,2018-06-26,129577
@angular/core,2018-06-27,124319
@angular/core,2018-06-28,149280
@angular/core,2018-06-29,111519
@angular/core,2018-06-30,34776
@angular/core,2018-07-01,33665
@angular/core,2018-07-02,121455
@angular/core,2018-07-03,125316
@angular/core,2018-07-04,108148
@angular/core,2018-07-05,119573
@angular/core,2018-07-06,104387
@angular/core,2018-07-07,32762
@angular/core,2018-07-08,31383
@angular/core,2018-07-09,119415
@angular/core,2018-07-10,123953
@angular/core,2018-07-11,150934
@angular/core,2018-07-12,140283
@angular/core,2018-07-13,121433
@angular/core,2018-07-14,42654
@angular/core,2018-07-15,45533
@angular/core,2018-07-16,149614
@angular/core,2018-07-17,150586
@angular/core,2018-07-18,147350
@angular/core,2018-07-19,155528
@angular/core,2018-07-20,130880
@angular/core,2018-07-21,41332
@angular/core,2018-07-22,41635
@angular/core,2018-07-23,147624
@angular/core,2018-07-24,147340
@angular/core,2018-07-25,155938
@angular/core,2018-07-26,163152
@angular/core,2018-07-27,144153
@angular/core,2018-07-28,54694
@angular/core,2018-07-29,50965
@angular/core,2018-07-30,164852
@angular/core,2018-07-31,166742
@angular/core,2018-08-01,158886
@angular/core,2018-08-02,180566
@angular/core,2018-08-03,155138
@angular/core,2018-08-04,50177
@angular/core,2018-08-05,50433
@angular/core,2018-08-06,154449
@angular/core,2018-08-07,166899
@angular/core,2018-08-08,178532
@angular/core,2018-08-09,174469
@angular/core,2018-08-10,144579
@angular/core,2018-08-11,52904
@angular/core,2018-08-12,49017
@angular/core,2018-08-13,157027
@angular/core,2018-08-14,149027
@angular/core,2018-08-15,151047
@angular/core,2018-08-16,169187
@angular/core,2018-08-17,144069
@angular/core,2018-08-18,47114
@angular/core,2018-08-19,46813
@angular/core,2018-08-20,153163
@angular/core,2018-08-21,157235
@angular/core,2018-08-22,171332
@angular/core,2018-08-23,168935
@angular/core,2018-08-24,143031
@angular/core,2018-08-25,47898
@angular/core,2018-08-26,49254
@angular/core,2018-08-27,159127
@angular/core,2018-08-28,166975
@angular/core,2018-08-29,160896
@angular/core,2018-08-30,198794
@angular/core,2018-08-31,150852
@angular/core,2018-09-01,47279
@angular/core,2018-09-02,48687
@angular/core,2018-09-03,134183
@angular/core,2018-09-04,157493
@angular/core,2018-09-05,167653
@angular/core,2018-09-06,188621
@angular/core,2018-09-07,150877
@angular/core,2018-09-08,51346
@angular/core,2018-09-09,46334
@angular/core,2018-09-10,168056
@angular/core,2018-09-11,169129
@angular/core,2018-09-12,163063
@angular/core,2018-09-13,159169
@angular/core,2018-09-14,145676
@angular/core,2018-09-15,47251
@angular/core,2018-09-16,45048
@angular/core,2018-09-17,165387
@angular/core,2018-09-18,164253
@angular/core,2018-09-19,178730
@angular/core,2018-09-20,182025
@angular/core,2018-09-21,159886
@angular/core,2018-09-22,49100
@angular/core,2018-09-23,48745
@angular/core,2018-09-24,164118
@angular/core,2018-09-25,177099
@angular/core,2018-09-26,194161
@angular/core,2018-09-27,167517
@angular/core,2018-09-28,151345
@angular/core,2018-09-29,47066
@angular/core,2018-09-30,46438
@angular/core,2018-10-01,150965
@angular/core,2018-10-02,148481
@angular/core,2018-10-03,151959
@angular/core,2018-10-04,154255
@angular/core,2018-10-05,138992
@angular/core,2018-10-06,43675
@angular/core,2018-10-07,42282
@angular/core,2018-10-08,145870
@angular/core,2018-10-09,159342
@angular/core,2018-10-10,179531
@angular/core,2018-10-11,172134
@angular/core,2018-10-12,148701
@angular/core,2018-10-13,49230
@angular/core,2018-10-14,46870
@angular/core,2018-10-15,163048
@angular/core,2018-10-16,164332
@angular/core,2018-10-17,161215
@angular/core,2018-10-18,163119
@angular/core,2018-10-19,154991
@angular/core,2018-10-20,46787
@angular/core,2018-10-21,46260
@angular/core,2018-10-22,162053
@angular/core,2018-10-23,178494
@angular/core,2018-10-24,186116
@angular/core,2018-10-25,170754
@angular/core,2018-10-26,156730
@angular/core,2018-10-27,47534
@angular/core,2018-10-28,46035
@angular/core,2018-10-29,162310
@angular/core,2018-10-30,172491
@angular/core,2018-10-31,164578
@angular/core,2018-11-01,136845
@angular/core,2018-11-02,140183
@angular/core,2018-11-03,55877
@angular/core,2018-11-04,47352
@angular/core,2018-11-05,166675
@angular/core,2018-11-06,167819
@angular/core,2018-11-07,173075
@angular/core,2018-11-08,168232
@angular/core,2018-11-09,150840
@angular/core,2018-11-10,48597
@angular/core,2018-11-11,47458
@angular/core,2018-11-12,162575
@angular/core,2018-11-13,173976
@angular/core,2018-11-14,201509
@angular/core,2018-11-15,166301
@angular/core,2018-11-16,154144
@angular/core,2018-11-17,52146
@angular/core,2018-11-18,48878
@angular/core,2018-11-19,172437
@angular/core,2018-11-20,169326
@angular/core,2018-11-21,189985
@angular/core,2018-11-22,164200
@angular/core,2018-11-23,125445
@angular/core,2018-11-24,43790
@angular/core,2018-11-25,45418
@angular/core,2018-11-26,175155
@angular/core,2018-11-27,180347
@angular/core,2018-11-28,200208
@angular/core,2018-11-29,183676
@angular/core,2018-11-30,159750
@angular/core,2018-12-01,52895
@angular/core,2018-12-02,50128
@angular/core,2018-12-03,174850
@angular/core,2018-12-04,189010
@angular/core,2018-12-05,178803
@angular/core,2018-12-06,187466
@angular/core,2018-12-07,160334
@angular/core,2018-12-08,51165
@angular/core,2018-12-09,50969
@angular/core,2018-12-10,179165
@angular/core,2018-12-11,201096
@angular/core,2018-12-12,183735
@angular/core,2018-12-13,176740
@angular/core,2018-12-14,156617
@angular/core,2018-12-15,47308
@angular/core,2018-12-16,48091
@angular/core,2018-12-17,169567
@angular/core,2018-12-18,189100
@angular/core,2018-12-19,190044
@angular/core,2018-12-20,167518
@angular/core,2018-12-21,147660
@angular/core,2018-12-22,44972
@angular/core,2018-12-23,40130
@angular/core,2018-12-24,74501
@angular/core,2018-12-25,49761
@angular/core,2018-12-26,93167
@angular/core,2018-12-27,107645
@angular/core,2018-12-28,103827
@angular/core,2018-12-29,43567
@angular/core,2018-12-30,36057
@angular/core,2018-12-31,60930
@angular/core,2019-01-01,36644
@angular/core,2019-01-02,128627
@angular/core,2019-01-03,148597
@angular/core,2019-01-04,139518
@angular/core,2019-01-05,46777
@angular/core,2019-01-06,49192
@angular/core,2019-01-07,176643
@angular/core,2019-01-08,178127
@angular/core,2019-01-09,177305
@angular/core,2019-01-10,169024
@angular/core,2019-01-11,161272
@angular/core,2019-01-12,49148
@angular/core,2019-01-13,50453
@angular/core,2019-01-14,171938
@angular/core,2019-01-15,177807
@angular/core,2019-01-16,195511
@angular/core,2019-01-17,187872
@angular/core,2019-01-18,163805
@angular/core,2019-01-19,51925
@angular/core,2019-01-20,53255
@angular/core,2019-01-21,169551
@angular/core,2019-01-22,191953
@angular/core,2019-01-23,204724
@angular/core,2019-01-24,187852
@angular/core,2019-01-25,170130
@angular/core,2019-01-26,52651
@angular/core,2019-01-27,57573
@angular/core,2019-01-28,185609
@angular/core,2019-01-29,195199
@angular/core,2019-01-30,211328
@angular/core,2019-01-31,203257
@angular/core,2019-02-01,171965
@angular/core,2019-02-02,55758
@angular/core,2019-02-03,53496
@angular/core,2019-02-04,170597
@angular/core,2019-02-05,180472
@angular/core,2019-02-06,213787
@angular/core,2019-02-07,191324
@angular/core,2019-02-08,170866
@angular/core,2019-02-09,58511
@angular/core,2019-02-10,56125
@angular/core,2019-02-11,185367
@angular/core,2019-02-12,193723
@angular/core,2019-02-13,192360
@angular/core,2019-02-14,187881
@angular/core,2019-02-15,193456
@angular/core,2019-02-16,60978
@angular/core,2019-02-17,57223
@angular/core,2019-02-18,188835
@angular/core,2019-02-19,198847
@angular/core,2019-02-20,219238
@angular/core,2019-02-21,210630
@angular/core,2019-02-22,185440
@angular/core,2019-02-23,60289
@angular/core,2019-02-24,57644
@angular/core,2019-02-25,198199
@angular/core,2019-02-26,202787
@angular/core,2019-02-27,221453
@angular/core,2019-02-28,196920
@angular/core,2019-03-01,177536
@angular/core,2019-03-02,57498
@angular/core,2019-03-03,53422
@angular/core,2019-03-04,191176
@angular/core,2019-03-05,195642
@angular/core,2019-03-06,213342
@angular/core,2019-03-07,211694
@angular/core,2019-03-08,173838
@angular/core,2019-03-09,58691
@angular/core,2019-03-10,56921
@angular/core,2019-03-11,208808
@angular/core,2019-03-12,220447
@angular/core,2019-03-13,227129
@angular/core,2019-03-14,207011
@angular/core,2019-03-15,182917
@angular/core,2019-03-16,55856
@angular/core,2019-03-17,53832
@angular/core,2019-03-18,79188
@angular/core,2019-03-19,207704
@angular/core,2019-03-20,226579
@angular/core,2019-03-21,191860
@angular/core,2019-03-22,178218
@angular/core,2019-03-23,53500
@angular/core,2019-03-24,52024
@angular/core,2019-03-25,199431
@angular/core,2019-03-26,224807
@angular/core,2019-03-27,214211
@angular/core,2019-03-28,201346
@angular/core,2019-03-29,178819
@angular/core,2019-03-30,53443
@angular/core,2019-03-31,50488
@angular/core,2019-04-01,200350
@angular/core,2019-04-02,204356
@angular/core,2019-04-03,215060
@angular/core,2019-04-04,212429
@angular/core,2019-04-05,182599
@angular/core,2019-04-06,53515
@angular/core,2019-04-07,51677
@angular/core,2019-04-08,203053
@angular/core,2019-04-09,206844
@angular/core,2019-04-10,202506
@angular/core,2019-04-11,197112
@angular/core,2019-04-12,174724
@angular/core,2019-04-13,72170
@angular/core,2019-04-14,52939
@angular/core,2019-04-15,200236
@angular/core,2019-04-16,210865
@angular/core,2019-04-17,196886
@angular/core,2019-04-18,178726
@angular/core,2019-04-19,123060
@angular/core,2019-04-20,43767
@angular/core,2019-04-21,41403
@angular/core,2019-04-22,136306
@angular/core,2019-04-23,196604
@angular/core,2019-04-24,213858
@angular/core,2019-04-25,203616
@angular/core,2019-04-26,183470
@angular/core,2019-04-27,52143
@angular/core,2019-04-28,51968
@angular/core,2019-04-29,185669
@angular/core,2019-04-30,185510
@angular/core,2019-05-01,116325
@angular/core,2019-05-02,178618
@angular/core,2019-05-03,164843
@angular/core,2019-05-04,50735
@angular/core,2019-05-05,50529
@angular/core,2019-05-06,186180
@angular/core,2019-05-07,210005
@angular/core,2019-05-08,204356
@angular/core,2019-05-09,199268
@angular/core,2019-05-10,172455
@angular/core,2019-05-11,53778
@angular/core,2019-05-12,52303
@angular/core,2019-05-13,195484
@angular/core,2019-05-14,211293
@angular/core,2019-05-15,202840
@angular/core,2019-05-16,201902
@angular/core,2019-05-17,180985
@angular/core,2019-05-18,49412
@angular/core,2019-05-19,50645
@angular/core,2019-05-20,196030
@angular/core,2019-05-21,213737
@angular/core,2019-05-22,207676
@angular/core,2019-05-23,209441
@angular/core,2019-05-24,182135
@angular/core,2019-05-25,50943
@angular/core,2019-05-26,49170
@angular/core,2019-05-27,169951
@angular/core,2019-05-28,205855
@angular/core,2019-05-29,219482
@angular/core,2019-05-30,182363
@angular/core,2019-05-31,178949
@angular/core,2019-06-01,51560
@angular/core,2019-06-02,50076
@angular/core,2019-06-03,204562
@angular/core,2019-06-04,207301
@angular/core,2019-06-05,198079
@angular/core,2019-06-06,207206
@angular/core,2019-06-07,183085
@angular/core,2019-06-08,48071
@angular/core,2019-06-09,44215
@angular/core,2019-06-10,178939
@angular/core,2019-06-11,218594
@angular/core,2019-06-12,213481
@angular/core,2019-06-13,214649
@angular/core,2019-06-14,197649
@angular/core,2019-06-15,53472
@angular/core,2019-06-16,50072
@angular/core,2019-06-17,208231
@angular/core,2019-06-18,224178
@angular/core,2019-06-19,222509
@angular/core,2019-06-20,202611
@angular/core,2019-06-21,186212
@angular/core,2019-06-22,53529
@angular/core,2019-06-23,52038
@angular/core,2019-06-24,214594
@angular/core,2019-06-25,229361
@angular/core,2019-06-26,223534
@angular/core,2019-06-27,218885
@angular/core,2019-06-28,180495
@angular/core,2019-06-29,50228
@angular/core,2019-06-30,46177
@angular/core,2019-07-01,203721
@angular/core,2019-07-02,222630
@angular/core,2019-07-03,220711
@angular/core,2019-07-04,181944
@angular/core,2019-07-05,171413
@angular/core,2019-07-06,52264
@angular/core,2019-07-07,46454
@angular/core,2019-07-08,205553
@angular/core,2019-07-09,213854
@angular/core,2019-07-10,218309
@angular/core,2019-07-11,222718
@angular/core,2019-07-12,192270
@angular/core,2019-07-13,49315
@angular/core,2019-07-14,47353
@angular/core,2019-07-15,202253
@angular/core,2019-07-16,217657
@angular/core,2019-07-17,216840
@angular/core,2019-07-18,216725
@angular/core,2019-07-19,191380
@angular/core,2019-07-20,49754
@angular/core,2019-07-21,48179
@angular/core,2019-07-22,202499
@angular/core,2019-07-23,211853
@angular/core,2019-07-24,206852
@angular/core,2019-07-25,203194
@angular/core,2019-07-26,191601
@angular/core,2019-07-27,51466
@angular/core,2019-07-28,53149
@angular/core,2019-07-29,213975
@angular/core,2019-07-30,197406
@angular/core,2019-07-31,216750
@angular/core,2019-08-01,219405
@angular/core,2019-08-02,190066
@angular/core,2019-08-03,50583
@angular/core,2019-08-04,48286
@angular/core,2019-08-05,198792
@angular/core,2019-08-06,211670
@angular/core,2019-08-07,211308
@angular/core,2019-08-08,211738
@angular/core,2019-08-09,191704
@angular/core,2019-08-10,49556
@angular/core,2019-08-11,46118
@angular/core,2019-08-12,199014
@angular/core,2019-08-13,220957
@angular/core,2019-08-14,207198
@angular/core,2019-08-15,169008
@angular/core,2019-08-16,175737
@angular/core,2019-08-17,51308
@angular/core,2019-08-18,49099
@angular/core,2019-08-19,208389
@angular/core,2019-08-20,219229
@angular/core,2019-08-21,220335
@angular/core,2019-08-22,228449
@angular/core,2019-08-23,196238
@angular/core,2019-08-24,52708
@angular/core,2019-08-25,52711
@angular/core,2019-08-26,205280
@angular/core,2019-08-27,222776
@angular/core,2019-08-28,246004
@angular/core,2019-08-29,242487
@angular/core,2019-08-30,194735
@angular/core,2019-08-31,49818
@angular/core,2019-09-01,52120
@angular/core,2019-09-02,164105
@angular/core,2019-09-03,225165
@angular/core,2019-09-04,230266
@angular/core,2019-09-05,233838
@angular/core,2019-09-06,205325
@angular/core,2019-09-07,56797
@angular/core,2019-09-08,55595
@angular/core,2019-09-09,221502
@angular/core,2019-09-10,229394
@angular/core,2019-09-11,234164
@angular/core,2019-09-12,235569
@angular/core,2019-09-13,201947
@angular/core,2019-09-14,55847
@angular/core,2019-09-15,54026
@angular/core,2019-09-16,226245
@angular/core,2019-09-17,239667
@angular/core,2019-09-18,240104
@angular/core,2019-09-19,241234
@angular/core,2019-09-20,210015
@angular/core,2019-09-21,56597
@angular/core,2019-09-22,55718
@angular/core,2019-09-23,230918
@angular/core,2019-09-24,241686
@angular/core,2019-09-25,244149
@angular/core,2019-09-26,247650
@angular/core,2019-09-27,215726
@angular/core,2019-09-28,64173
@angular/core,2019-09-29,58683
@angular/core,2019-09-30,228323
@angular/core,2019-10-01,236011
@angular/core,2019-10-02,228335
@angular/core,2019-10-03,234410
@angular/core,2019-10-04,212063
@angular/core,2019-10-05,56730
@angular/core,2019-10-06,54493
@angular/core,2019-10-07,225508
@angular/core,2019-10-08,225804
@angular/core,2019-10-09,253804
@angular/core,2019-10-10,252198
@angular/core,2019-10-11,223232
@angular/core,2019-10-12,58088
@angular/core,2019-10-13,56533
@angular/core,2019-10-14,219899
@angular/core,2019-10-15,250973
@angular/core,2019-10-16,262634
@angular/core,2019-10-17,256933
@angular/core,2019-10-18,231315
@angular/core,2019-10-19,60663
@angular/core,2019-10-20,54469
@angular/core,2019-10-21,239149
@angular/core,2019-10-22,255818
@angular/core,2019-10-23,256437
@angular/core,2019-10-24,264332
@angular/core,2019-10-25,224227
@angular/core,2019-10-26,57178
@angular/core,2019-10-27,54817
@angular/core,2019-10-28,222979
@angular/core,2019-10-29,247636
@angular/core,2019-10-30,255281
@angular/core,2019-10-31,250327
@angular/core,2019-11-01,192863
@angular/core,2019-11-02,62140
@angular/core,2019-11-03,63382
@angular/core,2019-11-04,243631
@angular/core,2019-11-05,265554
@angular/core,2019-11-06,266622
@angular/core,2019-11-07,252145
@angular/core,2019-11-08,223324
@angular/core,2019-11-09,59809
@angular/core,2019-11-10,55426
@angular/core,2019-11-11,225267
@angular/core,2019-11-12,252985
@angular/core,2019-11-13,263835
@angular/core,2019-11-14,273463
@angular/core,2019-11-15,227754
@angular/core,2019-11-16,62589
@angular/core,2019-11-17,58038
@angular/core,2019-11-18,261008
@angular/core,2019-11-19,265358
@angular/core,2019-11-20,257034
@angular/core,2019-11-21,258110
@angular/core,2019-11-22,228206
@angular/core,2019-11-23,60784
@angular/core,2019-11-24,58367
@angular/core,2019-11-25,253868
@angular/core,2019-11-26,255151
@angular/core,2019-11-27,242325
@angular/core,2019-11-28,212467
@angular/core,2019-11-29,181726
@angular/core,2019-11-30,50140
@angular/core,2019-12-01,57283
@angular/core,2019-12-02,238107
@angular/core,2019-12-03,254809
@angular/core,2019-12-04,254619
@angular/core,2019-12-05,247271
@angular/core,2019-12-06,212267
@angular/core,2019-12-07,55146
@angular/core,2019-12-08,55357
@angular/core,2019-12-09,240099
@angular/core,2019-12-10,254829
@angular/core,2019-12-11,249100
@angular/core,2019-12-12,244893
@angular/core,2019-12-13,209764
@angular/core,2019-12-14,55600
@angular/core,2019-12-15,53877
@angular/core,2019-12-16,238375
@angular/core,2019-12-17,253277
@angular/core,2019-12-18,253286
@angular/core,2019-12-19,243193
@angular/core,2019-12-20,199988
@angular/core,2019-12-21,49624
@angular/core,2019-12-22,47137
@angular/core,2019-12-23,169303
@angular/core,2019-12-24,117404
@angular/core,2019-12-25,61462
@angular/core,2019-12-26,118492
@angular/core,2019-12-27,123251
@angular/core,2019-12-28,48428
@angular/core,2019-12-29,46806
@angular/core,2019-12-30,137592
@angular/core,2019-12-31,101621
@angular/core,2020-01-01,46841
@angular/core,2020-01-02,162873
@angular/core,2020-01-03,165607
@angular/core,2020-01-04,52290
@angular/core,2020-01-05,51417
@angular/core,2020-01-06,192643
@angular/core,2020-01-07,226685
@angular/core,2020-01-08,241247
@angular/core,2020-01-09,254004
@angular/core,2020-01-10,226135
@angular/core,2020-01-11,58737
@angular/core,2020-01-12,56022
@angular/core,2020-01-13,244635
@angular/core,2020-01-14,250875
@angular/core,2020-01-15,244139
@angular/core,2020-01-16,248674
@angular/core,2020-01-17,224861
@angular/core,2020-01-18,57801
@angular/core,2020-01-19,57955
@angular/core,2020-01-20,230387
@angular/core,2020-01-21,252649
@angular/core,2020-01-22,255833
@angular/core,2020-01-23,251141
@angular/core,2020-01-24,219001
@angular/core,2020-01-25,58045
@angular/core,2020-01-26,56805
@angular/core,2020-01-27,241883
@angular/core,2020-01-28,258075
@angular/core,2020-01-29,254320
@angular/core,2020-01-30,252019
@angular/core,2020-01-31,227426
@angular/core,2020-02-01,60945
@angular/core,2020-02-02,57058
@angular/core,2020-02-03,246829
@angular/core,2020-02-04,266407
@angular/core,2020-02-05,260168
@angular/core,2020-02-06,271814
@angular/core,2020-02-07,250461
@angular/core,2020-02-08,66090
@angular/core,2020-02-09,65288
@angular/core,2020-02-10,270800
@angular/core,2020-02-11,284954
@angular/core,2020-02-12,290969
@angular/core,2020-02-13,289006
@angular/core,2020-02-14,250869
@angular/core,2020-02-15,64667
@angular/core,2020-02-16,65476
@angular/core,2020-02-17,245785
@angular/core,2020-02-18,295821
@angular/core,2020-02-19,290054
@angular/core,2020-02-20,288043
@angular/core,2020-02-21,247928
@angular/core,2020-02-22,65658
@angular/core,2020-02-23,61998
@angular/core,2020-02-24,257135
@angular/core,2020-02-25,277459
@angular/core,2020-02-26,279992
@angular/core,2020-02-27,297817
@angular/core,2020-02-28,261536
@angular/core,2020-02-29,72077
@angular/core,2020-03-01,70430
@angular/core,2020-03-02,276964
@angular/core,2020-03-03,290377
@angular/core,2020-03-04,291571
@angular/core,2020-03-05,295628
@angular/core,2020-03-06,253968
@angular/core,2020-03-07,69078
@angular/core,2020-03-08,65719
@angular/core,2020-03-09,262016
@angular/core,2020-03-10,282051
@angular/core,2020-03-11,300468
@angular/core,2020-03-12,281150
@angular/core,2020-03-13,252417
@angular/core,2020-03-14,73896
@angular/core,2020-03-15,75668
@angular/core,2020-03-16,270187
@angular/core,2020-03-17,282795
@angular/core,2020-03-18,288196
@angular/core,2020-03-19,295137
@angular/core,2020-03-20,256757
@angular/core,2020-03-21,84214
@angular/core,2020-03-22,91246
@angular/core,2020-03-23,292139
@angular/core,2020-03-24,296361
@angular/core,2020-03-25,293285
@angular/core,2020-03-26,303651
@angular/core,2020-03-27,272037
@angular/core,2020-03-28,84648
@angular/core,2020-03-29,87405
@angular/core,2020-03-30,295612
@angular/core,2020-03-31,298148
@angular/core,2020-04-01,287812
@angular/core,2020-04-02,286712
@angular/core,2020-04-03,265577
@angular/core,2020-04-04,83803
@angular/core,2020-04-05,88793
@angular/core,2020-04-06,281714
@angular/core,2020-04-07,295583
@angular/core,2020-04-08,302333
@angular/core,2020-04-09,278650
@angular/core,2020-04-10,201657
@angular/core,2020-04-11,85273
@angular/core,2020-04-12,79861
@angular/core,2020-04-13,214731
@angular/core,2020-04-14,286573
@angular/core,2020-04-15,239285
@angular/core,2020-04-16,303726
@angular/core,2020-04-17,263585
@angular/core,2020-04-18,85949
@angular/core,2020-04-19,86053
@angular/core,2020-04-20,279896
@angular/core,2020-04-21,287306
@angular/core,2020-04-22,311626
@angular/core,2020-04-23,300624
@angular/core,2020-04-24,266171
@angular/core,2020-04-25,87187
@angular/core,2020-04-26,93590
@angular/core,2020-04-27,282881
@angular/core,2020-04-28,292962
@angular/core,2020-04-29,299354
@angular/core,2020-04-30,294921
@angular/core,2020-05-01,177741
@angular/core,2020-05-02,84763
@angular/core,2020-05-03,86082
@angular/core,2020-05-04,281569
@angular/core,2020-05-05,288087
@angular/core,2020-05-06,295104
@angular/core,2020-05-07,292620
@angular/core,2020-05-08,267230
@angular/core,2020-05-09,87131
@angular/core,2020-05-10,81858
@angular/core,2020-05-11,283261
@angular/core,2020-05-12,305213
@angular/core,2020-05-13,309703
@angular/core,2020-05-14,308276
@angular/core,2020-05-15,271627
@angular/core,2020-05-16,84362
@angular/core,2020-05-17,81880
@angular/core,2020-05-18,288346
@angular/core,2020-05-19,300579
@angular/core,2020-05-20,303635
@angular/core,2020-05-21,257012
@angular/core,2020-05-22,240315
@angular/core,2020-05-23,76901
@angular/core,2020-05-24,75905
@angular/core,2020-05-25,220403
@angular/core,2020-05-26,283432
@angular/core,2020-05-27,296392
@angular/core,2020-05-28,292077
@angular/core,2020-05-29,263581
@angular/core,2020-05-30,76397
@angular/core,2020-05-31,76391
@angular/core,2020-06-01,241087
@angular/core,2020-06-02,289091
@angular/core,2020-06-03,295736
@angular/core,2020-06-04,299391
@angular/core,2020-06-05,265201
@angular/core,2020-06-06,79023
@angular/core,2020-06-07,83093
@angular/core,2020-06-08,280380
@angular/core,2020-06-09,301913
@angular/core,2020-06-10,310142
@angular/core,2020-06-11,283442
@angular/core,2020-06-12,251526
@angular/core,2020-06-13,73931
@angular/core,2020-06-14,76779
@angular/core,2020-06-15,290103
@angular/core,2020-06-16,305331
@angular/core,2020-06-17,296893
@angular/core,2020-06-18,295081
@angular/core,2020-06-19,254962
@angular/core,2020-06-20,69932
@angular/core,2020-06-21,71404
@angular/core,2020-06-22,0
@angular/core,2020-06-23,300291
@angular/core,2020-06-24,288094
@angular/core,2020-06-25,304624
@angular/core,2020-06-26,265261
@angular/core,2020-06-27,76958
@angular/core,2020-06-28,79848
@angular/core,2020-06-29,283117
@angular/core,2020-06-30,306626
@angular/core,2020-07-01,297173
@angular/core,2020-07-02,300534
@angular/core,2020-07-03,235427
@angular/core,2020-07-04,76461
@angular/core,2020-07-05,78506
@angular/core,2020-07-06,296652
@angular/core,2020-07-07,315134
@angular/core,2020-07-08,322983
@angular/core,2020-07-09,319008
@angular/core,2020-07-10,275405
@angular/core,2020-07-11,81307
@angular/core,2020-07-12,80031
@angular/core,2020-07-13,294894
@angular/core,2020-07-14,299998
@angular/core,2020-07-15,314177
@angular/core,2020-07-16,325362
@angular/core,2020-07-17,280683
@angular/core,2020-07-18,82999
@angular/core,2020-07-19,85522
@angular/core,2020-07-20,308690
@angular/core,2020-07-21,322809
@angular/core,2020-07-22,318644
@angular/core,2020-07-23,320265
@angular/core,2020-07-24,285483
@angular/core,2020-07-25,79447
@angular/core,2020-07-26,80698
@angular/core,2020-07-27,310853
@angular/core,2020-07-28,324270
@angular/core,2020-07-29,343540
@angular/core,2020-07-30,322732
@angular/core,2020-07-31,277923
@angular/core,2020-08-01,87823
@angular/core,2020-08-02,79011
@angular/core,2020-08-03,293499
@angular/core,2020-08-04,320037
@angular/core,2020-08-05,322803
@angular/core,2020-08-06,342354
@angular/core,2020-08-07,283792
@angular/core,2020-08-08,76975
@angular/core,2020-08-09,77986
@angular/core,2020-08-10,298558
@angular/core,2020-08-11,315202
@angular/core,2020-08-12,320268
@angular/core,2020-08-13,329387
@angular/core,2020-08-14,281866
@angular/core,2020-08-15,79898
@angular/core,2020-08-16,84958
@angular/core,2020-08-17,311754
@angular/core,2020-08-18,338418
@angular/core,2020-08-19,332867
@angular/core,2020-08-20,323702
@angular/core,2020-08-21,292099
@angular/core,2020-08-22,84225
@angular/core,2020-08-23,83151
@angular/core,2020-08-24,315661
@angular/core,2020-08-25,345010
@angular/core,2020-08-26,343802
@angular/core,2020-08-27,349168
@angular/core,2020-08-28,300503
@angular/core,2020-08-29,86941
@angular/core,2020-08-30,84034
@angular/core,2020-08-31,318791
@angular/core,2020-09-01,341557
@angular/core,2020-09-02,346767
@angular/core,2020-09-03,354763
@angular/core,2020-09-04,308770
@angular/core,2020-09-05,84001
@angular/core,2020-09-06,85322
@angular/core,2020-09-07,286234
@angular/core,2020-09-08,271846
@angular/core,2020-09-09,356051
@angular/core,2020-09-10,362447
@angular/core,2020-09-11,322796
@angular/core,2020-09-12,92697
@angular/core,2020-09-13,87981
@angular/core,2020-09-14,350066
@angular/core,2020-09-15,355865
@angular/core,2020-09-16,357428
@angular/core,2020-09-17,365703
@angular/core,2020-09-18,316975
@angular/core,2020-09-19,87307
@angular/core,2020-09-20,83482
@angular/core,2020-09-21,346530
@angular/core,2020-09-22,363232
@angular/core,2020-09-23,365160
@angular/core,2020-09-24,369117
@angular/core,2020-09-25,327045
@angular/core,2020-09-26,88726
@angular/core,2020-09-27,83759
@angular/core,2020-09-28,346455
@angular/core,2020-09-29,366842
@angular/core,2020-09-30,364172
@angular/core,2020-10-01,367183
@angular/core,2020-10-02,296922
@angular/core,2020-10-03,85409
@angular/core,2020-10-04,84978
@angular/core,2020-10-05,349423
@angular/core,2020-10-06,369130
@angular/core,2020-10-07,371935
@angular/core,2020-10-08,379958
@angular/core,2020-10-09,338337
@angular/core,2020-10-10,91226
@angular/core,2020-10-11,92439
@angular/core,2020-10-12,334469
@angular/core,2020-10-13,372527
@angular/core,2020-10-14,371693
@angular/core,2020-10-15,389096
@angular/core,2020-10-16,344706
@angular/core,2020-10-17,97452
@angular/core,2020-10-18,99962
@angular/core,2020-10-19,374433
@angular/core,2020-10-20,392575
@angular/core,2020-10-21,393766
@angular/core,2020-10-22,392491
@angular/core,2020-10-23,342774
@angular/core,2020-10-24,93353
@angular/core,2020-10-25,92170
@angular/core,2020-10-26,356045
@angular/core,2020-10-27,391354
@angular/core,2020-10-28,386693
@angular/core,2020-10-29,376456
@angular/core,2020-10-30,340766
@angular/core,2020-10-31,92073
@angular/core,2020-11-01,101154
@angular/core,2020-11-02,367227
@angular/core,2020-11-03,389901
@angular/core,2020-11-04,380663
@angular/core,2020-11-05,394194
@angular/core,2020-11-06,347231
@angular/core,2020-11-07,95751
@angular/core,2020-11-08,93635
@angular/core,2020-11-09,390510
@angular/core,2020-11-10,409201
@angular/core,2020-11-11,372385
@angular/core,2020-11-12,411921
@angular/core,2020-11-13,342479
@angular/core,2020-11-14,89458
@angular/core,2020-11-15,95049
@angular/core,2020-11-16,363116
@angular/core,2020-11-17,405020
@angular/core,2020-11-18,417315
@angular/core,2020-11-19,418535
@angular/core,2020-11-20,370375
@angular/core,2020-11-21,98333
@angular/core,2020-11-22,97551
@angular/core,2020-11-23,387124
@angular/core,2020-11-24,406625
@angular/core,2020-11-25,387481
@angular/core,2020-11-26,350288
@angular/core,2020-11-27,296806
@angular/core,2020-11-28,87868
@angular/core,2020-11-29,94832
@angular/core,2020-11-30,377501
@angular/core,2020-12-01,408536
@angular/core,2020-12-02,414003
@angular/core,2020-12-03,414761
@angular/core,2020-12-04,367111
@angular/core,2020-12-05,98998
@angular/core,2020-12-06,100471
@angular/core,2020-12-07,385579
@angular/core,2020-12-08,390624
@angular/core,2020-12-09,417343
@angular/core,2020-12-10,410901
@angular/core,2020-12-11,367637
@angular/core,2020-12-12,102002
@angular/core,2020-12-13,97451
@angular/core,2020-12-14,401863
@angular/core,2020-12-15,421880
@angular/core,2020-12-16,420710
@angular/core,2020-12-17,435064
@angular/core,2020-12-18,362881
@angular/core,2020-12-19,94918
@angular/core,2020-12-20,97943
@angular/core,2020-12-21,344521
@angular/core,2020-12-22,342586
@angular/core,2020-12-23,306644
@angular/core,2020-12-24,192028
@angular/core,2020-12-25,92831
@angular/core,2020-12-26,66454
@angular/core,2020-12-27,79854
@angular/core,2020-12-28,232407
@angular/core,2020-12-29,242243
@angular/core,2020-12-30,227722
@angular/core,2020-12-31,152059
@angular/core,2021-01-01,77570
@angular/core,2021-01-02,74792
@angular/core,2021-01-03,88778
@angular/core,2021-01-04,333513
@angular/core,2021-01-05,372659
@angular/core,2021-01-06,357807
@angular/core,2021-01-07,385496
@angular/core,2021-01-08,358555
@angular/core,2021-01-09,97234
@angular/core,2021-01-10,98862
@angular/core,2021-01-11,409552
@angular/core,2021-01-12,433425
@angular/core,2021-01-13,430376
@angular/core,2021-01-14,416470
@angular/core,2021-01-15,382184
@angular/core,2021-01-16,102389
@angular/core,2021-01-17,102044
@angular/core,2021-01-18,395579
@angular/core,2021-01-19,433796
@angular/core,2021-01-20,454063
@angular/core,2021-01-21,456355
@angular/core,2021-01-22,298901
@angular/core,2021-01-23,108744
@angular/core,2021-01-24,104563
@angular/core,2021-01-25,437896
@angular/core,2021-01-26,425259
@angular/core,2021-01-27,459484
@angular/core,2021-01-28,456804
@angular/core,2021-01-29,415988
@angular/core,2021-01-30,108004
@angular/core,2021-01-31,105885
@angular/core,2021-02-01,450591
@angular/core,2021-02-02,474069
@angular/core,2021-02-03,472829
@angular/core,2021-02-04,483466
@angular/core,2021-02-05,434548
@angular/core,2021-02-06,106474
@angular/core,2021-02-07,110151
@angular/core,2021-02-08,454898
@angular/core,2021-02-09,474183
@angular/core,2021-02-10,477266
@angular/core,2021-02-11,467890
@angular/core,2021-02-12,414674
@angular/core,2021-02-13,110042
@angular/core,2021-02-14,105036
@angular/core,2021-02-15,401673
@angular/core,2021-02-16,444720
@angular/core,2021-02-17,477717
@angular/core,2021-02-18,478409
@angular/core,2021-02-19,434499
@angular/core,2021-02-20,118005
@angular/core,2021-02-21,104702
@angular/core,2021-02-22,461336
@angular/core,2021-02-23,487754
@angular/core,2021-02-24,494133
@angular/core,2021-02-25,487053
@angular/core,2021-02-26,425544
@angular/core,2021-02-27,107159
@angular/core,2021-02-28,108065
@angular/core,2021-03-01,461356
@angular/core,2021-03-02,491095
@angular/core,2021-03-03,481029
@angular/core,2021-03-04,501408
@angular/core,2021-03-05,435961
@angular/core,2021-03-06,115565
@angular/core,2021-03-07,115191
@angular/core,2021-03-08,446515
@angular/core,2021-03-09,498330
@angular/core,2021-03-10,503905
@angular/core,2021-03-11,503253
@angular/core,2021-03-12,439376
@angular/core,2021-03-13,114084
@angular/core,2021-03-14,112399
@angular/core,2021-03-15,468183
@angular/core,2021-03-16,499092
@angular/core,2021-03-17,501068
@angular/core,2021-03-18,507008
@angular/core,2021-03-19,439069
@angular/core,2021-03-20,107370
@angular/core,2021-03-21,112420
@angular/core,2021-03-22,471298
@angular/core,2021-03-23,491503
@angular/core,2021-03-24,503275
@angular/core,2021-03-25,501675
@angular/core,2021-03-26,440253
@angular/core,2021-03-27,112988
@angular/core,2021-03-28,101609
@angular/core,2021-03-29,460983
@angular/core,2021-03-30,505053
@angular/core,2021-03-31,483031
@angular/core,2021-04-01,436408
@angular/core,2021-04-02,295802
@angular/core,2021-04-03,99491
@angular/core,2021-04-04,94348
@angular/core,2021-04-05,323466
@angular/core,2021-04-06,467993
@angular/core,2021-04-07,492948
@angular/core,2021-04-08,506284
@angular/core,2021-04-09,440305
@angular/core,2021-04-10,109684
@angular/core,2021-04-11,116010
@angular/core,2021-04-12,479576
@angular/core,2021-04-13,466696
@angular/core,2021-04-14,487911
@angular/core,2021-04-15,507309
@angular/core,2021-04-16,441946
@angular/core,2021-04-17,106041
@angular/core,2021-04-18,110101
@angular/core,2021-04-19,485369
@angular/core,2021-04-20,500628
@angular/core,2021-04-21,490121
@angular/core,2021-04-22,505045
@angular/core,2021-04-23,435724
@angular/core,2021-04-24,114279
@angular/core,2021-04-25,114062
@angular/core,2021-04-26,478383
@angular/core,2021-04-27,481969
@angular/core,2021-04-28,503914
@angular/core,2021-04-29,498962
@angular/core,2021-04-30,421748
@angular/core,2021-05-01,105881
@angular/core,2021-05-02,106044
@angular/core,2021-05-03,400380
@angular/core,2021-05-04,464372
@angular/core,2021-05-05,493090
@angular/core,2021-05-06,508029
@angular/core,2021-05-07,459660
@angular/core,2021-05-08,126576
@angular/core,2021-05-09,119416
@angular/core,2021-05-10,491215
@angular/core,2021-05-11,521870
@angular/core,2021-05-12,513497
@angular/core,2021-05-13,415270
@angular/core,2021-05-14,385289
@angular/core,2021-05-15,110465
@angular/core,2021-05-16,103090
@angular/core,2021-05-17,485310
@angular/core,2021-05-18,508088
@angular/core,2021-05-19,518100
@angular/core,2021-05-20,517048
@angular/core,2021-05-21,447991
@angular/core,2021-05-22,112342
@angular/core,2021-05-23,111262
@angular/core,2021-05-24,410834
@angular/core,2021-05-25,524830
@angular/core,2021-05-26,520202
@angular/core,2021-05-27,526542
@angular/core,2021-05-28,444697
@angular/core,2021-05-29,104507
@angular/core,2021-05-30,108983
@angular/core,2021-05-31,409704
@angular/core,2021-06-01,495818
@angular/core,2021-06-02,510330
@angular/core,2021-06-03,473481
@angular/core,2021-06-04,436042
@angular/core,2021-06-05,104809
@angular/core,2021-06-06,108656
@angular/core,2021-06-07,500760
@angular/core,2021-06-08,526719
@angular/core,2021-06-09,523699
@angular/core,2021-06-10,514510
@angular/core,2021-06-11,451219
@angular/core,2021-06-12,100566
@angular/core,2021-06-13,102387
@angular/core,2021-06-14,476169
@angular/core,2021-06-15,524014
@angular/core,2021-06-16,515470
@angular/core,2021-06-17,514939
@angular/core,2021-06-18,438262
@angular/core,2021-06-19,98642
@angular/core,2021-06-20,101804
@angular/core,2021-06-21,470771
@angular/core,2021-06-22,512966
@angular/core,2021-06-23,507748
@angular/core,2021-06-24,496095
@angular/core,2021-06-25,442154
@angular/core,2021-06-26,99585
@angular/core,2021-06-27,106025
@angular/core,2021-06-28,479980
@angular/core,2021-06-29,510927
@angular/core,2021-06-30,506987
@angular/core,2021-07-01,493909
@angular/core,2021-07-02,423616
@angular/core,2021-07-03,94455
@angular/core,2021-07-04,98239
@angular/core,2021-07-05,409036
@angular/core,2021-07-06,474487
@angular/core,2021-07-07,504200
@angular/core,2021-07-08,495482
@angular/core,2021-07-09,430179
@angular/core,2021-07-10,92467
@angular/core,2021-07-11,100768
@angular/core,2021-07-12,469979
@angular/core,2021-07-13,491385
@angular/core,2021-07-14,475636
@angular/core,2021-07-15,497441
@angular/core,2021-07-16,425884
@angular/core,2021-07-17,94208
@angular/core,2021-07-18,99031
@angular/core,2021-07-19,463248
@angular/core,2021-07-20,465399
@angular/core,2021-07-21,460008
@angular/core,2021-07-22,478595
@angular/core,2021-07-23,409848
@angular/core,2021-07-24,92851
@angular/core,2021-07-25,100111
@angular/core,2021-07-26,456666
@angular/core,2021-07-27,482784
@angular/core,2021-07-28,503101
@angular/core,2021-07-29,494012
@angular/core,2021-07-30,417273
@angular/core,2021-07-31,96504
@angular/core,2021-08-01,107359
@angular/core,2021-08-02,451496
@angular/core,2021-08-03,480610
@angular/core,2021-08-04,503316
@angular/core,2021-08-05,495675
@angular/core,2021-08-06,412979
@angular/core,2021-08-07,93698
@angular/core,2021-08-08,100709
@angular/core,2021-08-09,455593
@angular/core,2021-08-10,472547
@angular/core,2021-08-11,503325
@angular/core,2021-08-12,506366
@angular/core,2021-08-13,425452
@angular/core,2021-08-14,91552
@angular/core,2021-08-15,96590
@angular/core,2021-08-16,451032
@angular/core,2021-08-17,492149
@angular/core,2021-08-18,498799
@angular/core,2021-08-19,501531
@angular/core,2021-08-20,416912
@angular/core,2021-08-21,97049
@angular/core,2021-08-22,98900
@angular/core,2021-08-23,466644
@angular/core,2021-08-24,489063
@angular/core,2021-08-25,514231
@angular/core,2021-08-26,517257
@angular/core,2021-08-27,437437
@angular/core,2021-08-28,98843
@angular/core,2021-08-29,106351
@angular/core,2021-08-30,462968
@angular/core,2021-08-31,512467
@angular/core,2021-09-01,544107
@angular/core,2021-09-02,526344
@angular/core,2021-09-03,427200
@angular/core,2021-09-04,94037
@angular/core,2021-09-05,96768
@angular/core,2021-09-06,396049
@angular/core,2021-09-07,486742
@angular/core,2021-09-08,519206
@angular/core,2021-09-09,531375
@angular/core,2021-09-10,428539
@angular/core,2021-09-11,96781
@angular/core,2021-09-12,103132
@angular/core,2021-09-13,508522
@angular/core,2021-09-14,533092
@angular/core,2021-09-15,527613
@angular/core,2021-09-16,523194
@angular/core,2021-09-17,466804
@angular/core,2021-09-18,101803
@angular/core,2021-09-19,103429
@angular/core,2021-09-20,503041
@angular/core,2021-09-21,526855
@angular/core,2021-09-22,535659
@angular/core,2021-09-23,543225
@angular/core,2021-09-24,460838
@angular/core,2021-09-25,98292
@angular/core,2021-09-26,102796
@angular/core,2021-09-27,504811
@angular/core,2021-09-28,529447
@angular/core,2021-09-29,543226
@angular/core,2021-09-30,526471
@angular/core,2021-10-01,466815
@angular/core,2021-10-02,98684
@angular/core,2021-10-03,104248
@angular/core,2021-10-04,516962
@angular/core,2021-10-05,549984
@angular/core,2021-10-06,558498
@angular/core,2021-10-07,561982
@angular/core,2021-10-08,477902
@angular/core,2021-10-09,100631
@angular/core,2021-10-10,103660
@angular/core,2021-10-11,492381
@angular/core,2021-10-12,537038
@angular/core,2021-10-13,549845
@angular/core,2021-10-14,540545
@angular/core,2021-10-15,425188
@angular/core,2021-10-16,94287
@angular/core,2021-10-17,109680
@angular/core,2021-10-18,530313
@angular/core,2021-10-19,549501
@angular/core,2021-10-20,565098
@angular/core,2021-10-21,576480
@angular/core,2021-10-22,495207
@angular/core,2021-10-23,104768
@angular/core,2021-10-24,106752
@angular/core,2021-10-25,551084
@angular/core,2021-10-26,580348
@angular/core,2021-10-27,566869
@angular/core,2021-10-28,564462
@angular/core,2021-10-29,481884
@angular/core,2021-10-30,98056
@angular/core,2021-10-31,97273
@angular/core,2021-11-01,404128
@angular/core,2021-11-02,514833
@angular/core,2021-11-03,523682
@angular/core,2021-11-04,496452
@angular/core,2021-11-05,436774
@angular/core,2021-11-06,100696
@angular/core,2021-11-07,110958
@angular/core,2021-11-08,534143
@angular/core,2021-11-09,570170
@angular/core,2021-11-10,559032
@angular/core,2021-11-11,489743
@angular/core,2021-11-12,460344
@angular/core,2021-11-13,99953
@angular/core,2021-11-14,110647
@angular/core,2021-11-15,525171
@angular/core,2021-11-16,564646
@angular/core,2021-11-17,560107
@angular/core,2021-11-18,560942
@angular/core,2021-11-19,481795
@angular/core,2021-11-20,102176
@angular/core,2021-11-21,108273
@angular/core,2021-11-22,521113
@angular/core,2021-11-23,539942
@angular/core,2021-11-24,518149
@angular/core,2021-11-25,456043
@angular/core,2021-11-26,394825
@angular/core,2021-11-27,90262
@angular/core,2021-11-28,104257
@angular/core,2021-11-29,508700
@angular/core,2021-11-30,549392
@angular/core,2021-12-01,546710
@angular/core,2021-12-02,564652
@angular/core,2021-12-03,481599
@angular/core,2021-12-04,105661
@angular/core,2021-12-05,106580
@angular/core,2021-12-06,517551
@angular/core,2021-12-07,528176
@angular/core,2021-12-08,534665
@angular/core,2021-12-09,558858
@angular/core,2021-12-10,484007
@angular/core,2021-12-11,109706
@angular/core,2021-12-12,108000
@angular/core,2021-12-13,524462
@angular/core,2021-12-14,558441
@angular/core,2021-12-15,546757
@angular/core,2021-12-16,543484
@angular/core,2021-12-17,452834
@angular/core,2021-12-18,94114
@angular/core,2021-12-19,100439
@angular/core,2021-12-20,475982
@angular/core,2021-12-21,485402
@angular/core,2021-12-22,441854
@angular/core,2021-12-23,381032
@angular/core,2021-12-24,203530
@angular/core,2021-12-25,62594
@angular/core,2021-12-26,79153
@angular/core,2021-12-27,264903
@angular/core,2021-12-28,308560
@angular/core,2021-12-29,304196
@angular/core,2021-12-30,272809
@angular/core,2021-12-31,151623
@angular/core,2022-01-01,67682
@angular/core,2022-01-02,86332
@angular/core,2022-01-03,353789
@angular/core,2022-01-04,444584
@angular/core,2022-01-05,459454
@angular/core,2022-01-06,425942
@angular/core,2022-01-07,395796
@angular/core,2022-01-08,97076
@angular/core,2022-01-09,103940
@angular/core,2022-01-10,498940
@angular/core,2022-01-11,548278
@angular/core,2022-01-12,539781
@angular/core,2022-01-13,549246
@angular/core,2022-01-14,459119
@angular/core,2022-01-15,107787
@angular/core,2022-01-16,104567
@angular/core,2022-01-17,479890
@angular/core,2022-01-18,543843
@angular/core,2022-01-19,557671
@angular/core,2022-01-20,562005
@angular/core,2022-01-21,504605
@angular/core,2022-01-22,116130
@angular/core,2022-01-23,109147
@angular/core,2022-01-24,544472
@angular/core,2022-01-25,560696
@angular/core,2022-01-26,502472
@angular/core,2022-01-27,576511
@angular/core,2022-01-28,505729
@angular/core,2022-01-29,110617
@angular/core,2022-01-30,111135
@angular/core,2022-01-31,535684
@angular/core,2022-02-01,562310
@angular/core,2022-02-02,559611
@angular/core,2022-02-03,561189
@angular/core,2022-02-04,495609
@angular/core,2022-02-05,108351
@angular/core,2022-02-06,111371
@angular/core,2022-02-07,565591
@angular/core,2022-02-08,592746
@angular/core,2022-02-09,596171
@angular/core,2022-02-10,603715
@angular/core,2022-02-11,551680
@angular/core,2022-02-12,118581
@angular/core,2022-02-13,119479
@angular/core,2022-02-14,558735
@angular/core,2022-02-15,576886
@angular/core,2022-02-16,582319
@angular/core,2022-02-17,583384
@angular/core,2022-02-18,530574
@angular/core,2022-02-19,123230
@angular/core,2022-02-20,110032
@angular/core,2022-02-21,518987
@angular/core,2022-02-22,570984
@angular/core,2022-02-23,565409
@angular/core,2022-02-24,549317
@angular/core,2022-02-25,472919
@angular/core,2022-02-26,114952
@angular/core,2022-02-27,112906
@angular/core,2022-02-28,510606
@angular/core,2022-03-01,525990
@angular/core,2022-03-02,580308
@angular/core,2022-03-03,558023
@angular/core,2022-03-04,490433
@angular/core,2022-03-05,113703
@angular/core,2022-03-06,105999
@angular/core,2022-03-07,537500
@angular/core,2022-03-08,550610
@angular/core,2022-03-09,571032
@angular/core,2022-03-10,585747
@angular/core,2022-03-11,499105
@angular/core,2022-03-12,108017
@angular/core,2022-03-13,105958
@angular/core,2022-03-14,552180
@angular/core,2022-03-15,580207
@angular/core,2022-03-16,584461
@angular/core,2022-03-17,569710
@angular/core,2022-03-18,481807
@angular/core,2022-03-19,111118
@angular/core,2022-03-20,106560
@angular/core,2022-03-21,555144
@angular/core,2022-03-22,583467
@angular/core,2022-03-23,581301
@angular/core,2022-03-24,580313
@angular/core,2022-03-25,502984
@angular/core,2022-03-26,114714
@angular/core,2022-03-27,109287
@angular/core,2022-03-28,560648
@angular/core,2022-03-29,590169
@angular/core,2022-03-30,587703
@angular/core,2022-03-31,588210
@angular/core,2022-04-01,506406
@angular/core,2022-04-02,105432
@angular/core,2022-04-03,106031
@angular/core,2022-04-04,555710
@angular/core,2022-04-05,569827
@angular/core,2022-04-06,569003
@angular/core,2022-04-07,589597
@angular/core,2022-04-08,507908
@angular/core,2022-04-09,113449
@angular/core,2022-04-10,108966
@angular/core,2022-04-11,559189
@angular/core,2022-04-12,586016
@angular/core,2022-04-13,564773
@angular/core,2022-04-14,514185
@angular/core,2022-04-15,317111
@angular/core,2022-04-16,93492
@angular/core,2022-04-17,95089
@angular/core,2022-04-18,362080
@angular/core,2022-04-19,550999
@angular/core,2022-04-20,565333
@angular/core,2022-04-21,560563
@angular/core,2022-04-22,494292
@angular/core,2022-04-23,99011
@angular/core,2022-04-24,103824
@angular/core,2022-04-25,525104
@angular/core,2022-04-26,586239
@angular/core,2022-04-27,569074
@angular/core,2022-04-28,593965
@angular/core,2022-04-29,513548
@angular/core,2022-04-30,100238
@angular/core,2022-05-01,104404
@angular/core,2022-05-02,452762
@angular/core,2022-05-03,479584
@angular/core,2022-05-04,543225
@angular/core,2022-05-05,568481
@angular/core,2022-05-06,491918
@angular/core,2022-05-07,102583
@angular/core,2022-05-08,81930
@angular/core,2022-05-09,543357
@angular/core,2022-05-10,602135
@angular/core,2022-05-11,608904
@angular/core,2022-05-12,599354
@angular/core,2022-05-13,540302
@angular/core,2022-05-14,112798
@angular/core,2022-05-15,109334
@angular/core,2022-05-16,577724
@angular/core,2022-05-17,610806
@angular/core,2022-05-18,612754
@angular/core,2022-05-19,612875
@angular/core,2022-05-20,513807
@angular/core,2022-05-21,99422
@angular/core,2022-05-22,108806
@angular/core,2022-05-23,576707
@angular/core,2022-05-24,616265
@angular/core,2022-05-25,590311
@angular/core,2022-05-26,496589
@angular/core,2022-05-27,455445
@angular/core,2022-05-28,97451
@angular/core,2022-05-29,105998
@angular/core,2022-05-30,499898
@angular/core,2022-05-31,591412
@angular/core,2022-06-01,609484
@angular/core,2022-06-02,706753
@angular/core,2022-06-03,758975
@angular/core,2022-06-04,104694
@angular/core,2022-06-05,96521
@angular/core,2022-06-06,486268
@angular/core,2022-06-07,611407
@angular/core,2022-06-08,607682
@angular/core,2022-06-09,593583
@angular/core,2022-06-10,514307
@angular/core,2022-06-11,103635
@angular/core,2022-06-12,107674
@angular/core,2022-06-13,558144
@angular/core,2022-06-14,600236
@angular/core,2022-06-15,599869
@angular/core,2022-06-16,544503
@angular/core,2022-06-17,493755
@angular/core,2022-06-18,100275
@angular/core,2022-06-19,103145
@angular/core,2022-06-20,527623
@angular/core,2022-06-21,589708
@angular/core,2022-06-22,595567
@angular/core,2022-06-23,607551
@angular/core,2022-06-24,516459
@angular/core,2022-06-25,99715
@angular/core,2022-06-26,105430
@angular/core,2022-06-27,566587
@angular/core,2022-06-28,596698
@angular/core,2022-06-29,596857
@angular/core,2022-06-30,578319
@angular/core,2022-07-01,476818
@angular/core,2022-07-02,94242
@angular/core,2022-07-03,100990
@angular/core,2022-07-04,468528
@angular/core,2022-07-05,546832
@angular/core,2022-07-06,570966
@angular/core,2022-07-07,582883
@angular/core,2022-07-08,490564
@angular/core,2022-07-09,94868
@angular/core,2022-07-10,95521
@angular/core,2022-07-11,532355
@angular/core,2022-07-12,570150
@angular/core,2022-07-13,573481
@angular/core,2022-07-14,561095
@angular/core,2022-07-15,478764
@angular/core,2022-07-16,98218
@angular/core,2022-07-17,102352
@angular/core,2022-07-18,540908
@angular/core,2022-07-19,574354
@angular/core,2022-07-20,580713
@angular/core,2022-07-21,579344
@angular/core,2022-07-22,0
@angular/core,2022-07-23,101990
@angular/core,2022-07-24,102448
@angular/core,2022-07-25,544316
@angular/core,2022-07-26,581109
@angular/core,2022-07-27,571127
@angular/core,2022-07-28,567657
@angular/core,2022-07-29,482572
@angular/core,2022-07-30,95851
@angular/core,2022-07-31,101057
@angular/core,2022-08-01,530002
@angular/core,2022-08-02,568166
@angular/core,2022-08-03,579630
@angular/core,2022-08-04,584677
@angular/core,2022-08-05,490622
@angular/core,2022-08-06,97808
@angular/core,2022-08-07,98907
@angular/core,2022-08-08,547783
@angular/core,2022-08-09,567521
@angular/core,2022-08-10,571420
@angular/core,2022-08-11,566711
@angular/core,2022-08-12,479447
@angular/core,2022-08-13,95970
@angular/core,2022-08-14,97033
@angular/core,2022-08-15,400339
@angular/core,2022-08-16,576138
@angular/core,2022-08-17,578380
@angular/core,2022-08-18,575766
@angular/core,2022-08-19,496520
@angular/core,2022-08-20,100057
@angular/core,2022-08-21,104445
@angular/core,2022-08-22,563939
@angular/core,2022-08-23,596298
@angular/core,2022-08-24,572589
@angular/core,2022-08-25,565019
@angular/core,2022-08-26,521957
@angular/core,2022-08-27,101075
@angular/core,2022-08-28,101125
@angular/core,2022-08-29,542032
@angular/core,2022-08-30,586511
@angular/core,2022-08-31,530470
@angular/core,2022-09-01,567540
@angular/core,2022-09-02,483483
@angular/core,2022-09-03,94143
@angular/core,2022-09-04,97244
@angular/core,2022-09-05,466450
@angular/core,2022-09-06,571387
@angular/core,2022-09-07,568641
@angular/core,2022-09-08,618973
@angular/core,2022-09-09,525625
@angular/core,2022-09-10,100553
@angular/core,2022-09-11,108263
@angular/core,2022-09-12,587606
@angular/core,2022-09-13,613437
@angular/core,2022-09-14,618725
@angular/core,2022-09-15,621610
@angular/core,2022-09-16,534903
@angular/core,2022-09-17,108903
@angular/core,2022-09-18,115485
@angular/core,2022-09-19,580347
@angular/core,2022-09-20,633316
@angular/core,2022-09-21,618141
@angular/core,2022-09-22,617129
@angular/core,2022-09-23,526631
@angular/core,2022-09-24,107331
@angular/core,2022-09-25,103907
@angular/core,2022-09-26,592018
@angular/core,2022-09-27,594756
@angular/core,2022-09-28,611806
@angular/core,2022-09-29,618812
@angular/core,2022-09-30,528855
@angular/core,2022-10-01,108350
@angular/core,2022-10-02,106591
@angular/core,2022-10-03,550650
@angular/core,2022-10-04,589881
@angular/core,2022-10-05,548530
@angular/core,2022-10-06,623910
@angular/core,2022-10-07,535831
@angular/core,2022-10-08,112021
@angular/core,2022-10-09,110078
@angular/core,2022-10-10,544325
@angular/core,2022-10-11,617413
@angular/core,2022-10-12,600427
@angular/core,2022-10-13,618148
@angular/core,2022-10-14,532752
@angular/core,2022-10-15,114352
@angular/core,2022-10-16,108086
@angular/core,2022-10-17,587877
@angular/core,2022-10-18,616938
@angular/core,2022-10-19,616274
@angular/core,2022-10-20,626952
@angular/core,2022-10-21,540621
@angular/core,2022-10-22,107250
@angular/core,2022-10-23,107273
@angular/core,2022-10-24,531082
@angular/core,2022-10-25,583756
@angular/core,2022-10-26,594096
@angular/core,2022-10-27,629046
@angular/core,2022-10-28,530880
@angular/core,2022-10-29,115583
@angular/core,2022-10-30,118407
@angular/core,2022-10-31,541427
@angular/core,2022-11-01,510758
@angular/core,2022-11-02,617032
@angular/core,2022-11-03,629489
@angular/core,2022-11-04,574991
@angular/core,2022-11-05,123460
@angular/core,2022-11-06,128955
@angular/core,2022-11-07,618336
@angular/core,2022-11-08,651157
@angular/core,2022-11-09,636496
@angular/core,2022-11-10,625576
@angular/core,2022-11-11,482007
@angular/core,2022-11-12,109691
@angular/core,2022-11-13,115424
@angular/core,2022-11-14,596493
@angular/core,2022-11-15,629773
@angular/core,2022-11-16,648151
@angular/core,2022-11-17,654595
@angular/core,2022-11-18,558531
@angular/core,2022-11-19,125259
@angular/core,2022-11-20,125409
@angular/core,2022-11-21,606645
@angular/core,2022-11-22,685271
@angular/core,2022-11-23,619932
@angular/core,2022-11-24,527144
@angular/core,2022-11-25,457406
@angular/core,2022-11-26,107252
@angular/core,2022-11-27,120188
@angular/core,2022-11-28,629231
@angular/core,2022-11-29,637931
@angular/core,2022-11-30,614080
@angular/core,2022-12-01,616976
@angular/core,2022-12-02,534871
@angular/core,2022-12-03,120846
@angular/core,2022-12-04,121363
@angular/core,2022-12-05,595951
@angular/core,2022-12-06,635065
@angular/core,2022-12-07,619329
@angular/core,2022-12-08,590975
@angular/core,2022-12-09,518157
@angular/core,2022-12-10,116679
@angular/core,2022-12-11,123962
@angular/core,2022-12-12,598867
@angular/core,2022-12-13,623817
@angular/core,2022-12-14,611656
@angular/core,2022-12-15,612148
@angular/core,2022-12-16,518711
@angular/core,2022-12-17,115431
@angular/core,2022-12-18,109191
@angular/core,2022-12-19,552483
@angular/core,2022-12-20,565274
@angular/core,2022-12-21,545486
@angular/core,2022-12-22,509200
@angular/core,2022-12-23,362332
@angular/core,2022-12-24,85166
@angular/core,2022-12-25,83524
@angular/core,2022-12-26,234419
@angular/core,2022-12-27,330897
@angular/core,2022-12-28,352549
@angular/core,2022-12-29,333722
@angular/core,2022-12-30,251217
@angular/core,2022-12-31,75651
@angular/core,2023-01-01,85005
@angular/core,2023-01-02,294795
@angular/core,2023-01-03,493407
@angular/core,2023-01-04,518879
@angular/core,2023-01-05,532749
@angular/core,2023-01-06,442495
@angular/core,2023-01-07,118460
@angular/core,2023-01-08,111004
@angular/core,2023-01-09,555105
@angular/core,2023-01-10,601294
@angular/core,2023-01-11,618849
@angular/core,2023-01-12,625749
@angular/core,2023-01-13,543169
@angular/core,2023-01-14,113883
@angular/core,2023-01-15,118799
@angular/core,2023-01-16,535905
@angular/core,2023-01-17,610217
@angular/core,2023-01-18,617904
@angular/core,2023-01-19,615736
@angular/core,2023-01-20,542059
@angular/core,2023-01-21,117346
@angular/core,2023-01-22,121288
@angular/core,2023-01-23,583848
@angular/core,2023-01-24,601493
@angular/core,2023-01-25,601087
@angular/core,2023-01-26,551446
@angular/core,2023-01-27,529681
@angular/core,2023-01-28,117765
@angular/core,2023-01-29,132195
@angular/core,2023-01-30,602583
@angular/core,2023-01-31,642008
@angular/core,2023-02-01,636719
@angular/core,2023-02-02,630515
@angular/core,2023-02-03,576920
@angular/core,2023-02-04,129395
@angular/core,2023-02-05,120790
@angular/core,2023-02-06,611806
@angular/core,2023-02-07,659635
@angular/core,2023-02-08,647191
@angular/core,2023-02-09,658517
@angular/core,2023-02-10,575046
@angular/core,2023-02-11,121568
@angular/core,2023-02-12,125162
@angular/core,2023-02-13,622285
@angular/core,2023-02-14,647772
@angular/core,2023-02-15,643976
@angular/core,2023-02-16,651743
@angular/core,2023-02-17,567224
@angular/core,2023-02-18,120285
@angular/core,2023-02-19,122073
@angular/core,2023-02-20,563340
@angular/core,2023-02-21,617615
@angular/core,2023-02-22,648757
@angular/core,2023-02-23,637843
@angular/core,2023-02-24,560920
@angular/core,2023-02-25,123207
@angular/core,2023-02-26,124231
@angular/core,2023-02-27,622650
@angular/core,2023-02-28,662381
@angular/core,2023-03-01,654178
@angular/core,2023-03-02,666196
@angular/core,2023-03-03,569201
@angular/core,2023-03-04,121454
@angular/core,2023-03-05,120617
@angular/core,2023-03-06,619004
@angular/core,2023-03-07,635463
@angular/core,2023-03-08,586941
@angular/core,2023-03-09,651847
@angular/core,2023-03-10,561936
@angular/core,2023-03-11,122368
@angular/core,2023-03-12,122149
@angular/core,2023-03-13,632648
@angular/core,2023-03-14,666917
@angular/core,2023-03-15,645796
@angular/core,2023-03-16,648425
@angular/core,2023-03-17,576576
@angular/core,2023-03-18,124508
@angular/core,2023-03-19,122861
@angular/core,2023-03-20,612898
@angular/core,2023-03-21,645444
@angular/core,2023-03-22,619947
@angular/core,2023-03-23,654079
@angular/core,2023-03-24,571450
@angular/core,2023-03-25,123006
@angular/core,2023-03-26,117408
@angular/core,2023-03-27,622987
@angular/core,2023-03-28,666189
@angular/core,2023-03-29,642542
@angular/core,2023-03-30,664941
@angular/core,2023-03-31,564879
@angular/core,2023-04-01,122633
@angular/core,2023-04-02,123824
@angular/core,2023-04-03,621195
@angular/core,2023-04-04,645525
@angular/core,2023-04-05,615098
@angular/core,2023-04-06,584042
@angular/core,2023-04-07,370588
@angular/core,2023-04-08,106157
@angular/core,2023-04-09,101755
@angular/core,2023-04-10,422323
@angular/core,2023-04-11,625536
@angular/core,2023-04-12,648142
@angular/core,2023-04-13,648853
@angular/core,2023-04-14,542389
@angular/core,2023-04-15,115683
@angular/core,2023-04-16,116451
@angular/core,2023-04-17,597196
@angular/core,2023-04-18,657925
@angular/core,2023-04-19,647411
@angular/core,2023-04-20,639204
@angular/core,2023-04-21,520064
@angular/core,2023-04-22,113721
@angular/core,2023-04-23,116200
@angular/core,2023-04-24,599502
@angular/core,2023-04-25,632080
@angular/core,2023-04-26,641769
@angular/core,2023-04-27,628222
@angular/core,2023-04-28,543959
@angular/core,2023-04-29,111062
@angular/core,2023-04-30,106356
@angular/core,2023-05-01,302167
@angular/core,2023-05-02,594993
@angular/core,2023-05-03,617904
@angular/core,2023-05-04,654428
@angular/core,2023-05-05,557736
@angular/core,2023-05-06,123656
@angular/core,2023-05-07,121818
@angular/core,2023-05-08,587228
@angular/core,2023-05-09,643029
@angular/core,2023-05-10,628870
@angular/core,2023-05-11,662464
@angular/core,2023-05-12,573115
@angular/core,2023-05-13,121583
@angular/core,2023-05-14,124729
@angular/core,2023-05-15,640794
@angular/core,2023-05-16,663274
@angular/core,2023-05-17,651606
@angular/core,2023-05-18,564511
@angular/core,2023-05-19,519033
@angular/core,2023-05-20,113346
@angular/core,2023-05-21,113943
@angular/core,2023-05-22,602417
@angular/core,2023-05-23,650724
@angular/core,2023-05-24,651815
@angular/core,2023-05-25,638130
@angular/core,2023-05-26,535177
@angular/core,2023-05-27,109923
@angular/core,2023-05-28,112041
@angular/core,2023-05-29,428781
@angular/core,2023-05-30,635346
@angular/core,2023-05-31,652323
@angular/core,2023-06-01,638111
@angular/core,2023-06-02,552314
@angular/core,2023-06-03,115656
@angular/core,2023-06-04,110417
@angular/core,2023-06-05,598587
@angular/core,2023-06-06,663723
@angular/core,2023-06-07,653266
@angular/core,2023-06-08,581979
@angular/core,2023-06-09,552210
@angular/core,2023-06-10,112983
@angular/core,2023-06-11,111219
@angular/core,2023-06-12,611406
@angular/core,2023-06-13,670177
@angular/core,2023-06-14,682110
@angular/core,2023-06-15,653251
@angular/core,2023-06-16,568209
@angular/core,2023-06-17,115520
@angular/core,2023-06-18,113236
@angular/core,2023-06-19,580578
@angular/core,2023-06-20,650023
@angular/core,2023-06-21,662923
@angular/core,2023-06-22,651908
@angular/core,2023-06-23,555451
@angular/core,2023-06-24,111057
@angular/core,2023-06-25,112670
@angular/core,2023-06-26,634927
@angular/core,2023-06-27,669676
@angular/core,2023-06-28,636272
@angular/core,2023-06-29,599078
@angular/core,2023-06-30,542240
@angular/core,2023-07-01,118027
@angular/core,2023-07-02,104685
@angular/core,2023-07-03,536088
@angular/core,2023-07-04,529050
@angular/core,2023-07-05,617150
@angular/core,2023-07-06,653669
@angular/core,2023-07-07,570313
@angular/core,2023-07-08,118719
@angular/core,2023-07-09,108953
@angular/core,2023-07-10,623095
@angular/core,2023-07-11,668989
@angular/core,2023-07-12,658826
@angular/core,2023-07-13,653185
@angular/core,2023-07-14,552732
@angular/core,2023-07-15,116983
@angular/core,2023-07-16,114313
@angular/core,2023-07-17,621750
@angular/core,2023-07-18,665030
@angular/core,2023-07-19,647883
@angular/core,2023-07-20,657318
@angular/core,2023-07-21,556514
@angular/core,2023-07-22,113390
@angular/core,2023-07-23,112937
@angular/core,2023-07-24,620014
@angular/core,2023-07-25,655907
@angular/core,2023-07-26,649827
@angular/core,2023-07-27,641145
@angular/core,2023-07-28,541700
@angular/core,2023-07-29,108568
@angular/core,2023-07-30,107707
@angular/core,2023-07-31,586254
@angular/core,2023-08-01,617608
@angular/core,2023-08-02,616813
@angular/core,2023-08-03,633944
@angular/core,2023-08-04,543342
@angular/core,2023-08-05,110821
@angular/core,2023-08-06,111514
@angular/core,2023-08-07,568666
@angular/core,2023-08-08,623255
@angular/core,2023-08-09,618897
@angular/core,2023-08-10,626665
@angular/core,2023-08-11,537038
@angular/core,2023-08-12,104994
@angular/core,2023-08-13,106657
@angular/core,2023-08-14,534541
@angular/core,2023-08-15,453373
@angular/core,2023-08-16,602624
@angular/core,2023-08-17,617051
@angular/core,2023-08-18,538794
@angular/core,2023-08-19,106315
@angular/core,2023-08-20,104995
@angular/core,2023-08-21,592703
@angular/core,2023-08-22,627782
@angular/core,2023-08-23,613813
@angular/core,2023-08-24,613213
@angular/core,2023-08-25,531464
@angular/core,2023-08-26,110625
@angular/core,2023-08-27,106689
@angular/core,2023-08-28,587157
@angular/core,2023-08-29,627443
@angular/core,2023-08-30,615785
@angular/core,2023-08-31,615651
@angular/core,2023-09-01,536588
@angular/core,2023-09-02,108415
@angular/core,2023-09-03,112216
@angular/core,2023-09-04,516459
@angular/core,2023-09-05,626314
@angular/core,2023-09-06,639059
@angular/core,2023-09-07,629534
@angular/core,2023-09-08,545438
@angular/core,2023-09-09,109767
@angular/core,2023-09-10,111551
@angular/core,2023-09-11,631205
@angular/core,2023-09-12,658764
@angular/core,2023-09-13,643794
@angular/core,2023-09-14,649788
@angular/core,2023-09-15,558492
@angular/core,2023-09-16,109612
@angular/core,2023-09-17,110101
@angular/core,2023-09-18,587192
@angular/core,2023-09-19,613218
@angular/core,2023-09-20,644115
@angular/core,2023-09-21,649053
@angular/core,2023-09-22,557642
@angular/core,2023-09-23,117572
@angular/core,2023-09-24,110484
@angular/core,2023-09-25,608372
@angular/core,2023-09-26,654466
@angular/core,2023-09-27,631162
@angular/core,2023-09-28,615573
@angular/core,2023-09-29,532844
@angular/core,2023-09-30,109698
@angular/core,2023-10-01,112084
@angular/core,2023-10-02,515412
@angular/core,2023-10-03,598801
@angular/core,2023-10-04,631033
@angular/core,2023-10-05,633759
@angular/core,2023-10-06,551126
@angular/core,2023-10-07,115530
@angular/core,2023-10-08,112913
@angular/core,2023-10-09,566214
@angular/core,2023-10-10,631207
@angular/core,2023-10-11,656422
@angular/core,2023-10-12,606242
@angular/core,2023-10-13,532027
@angular/core,2023-10-14,111322
@angular/core,2023-10-15,116495
@angular/core,2023-10-16,606458
@angular/core,2023-10-17,648742
@angular/core,2023-10-18,675216
@angular/core,2023-10-19,678143
@angular/core,2023-10-20,578042
@angular/core,2023-10-21,117886
@angular/core,2023-10-22,118098
@angular/core,2023-10-23,598207
@angular/core,2023-10-24,591122
@angular/core,2023-10-25,646515
@angular/core,2023-10-26,657708
@angular/core,2023-10-27,564584
@angular/core,2023-10-28,113502
@angular/core,2023-10-29,121953
@angular/core,2023-10-30,607627
@angular/core,2023-10-31,623659
@angular/core,2023-11-01,502350
@angular/core,2023-11-02,255425
@angular/core,2023-11-03,0
@angular/core,2023-11-04,118933
@angular/core,2023-11-05,121280
@angular/core,2023-11-06,618123
@angular/core,2023-11-07,653621
@angular/core,2023-11-08,654652
@angular/core,2023-11-09,655006
@angular/core,2023-11-10,560885
@angular/core,2023-11-11,122958
@angular/core,2023-11-12,119916
@angular/core,2023-11-13,569955
@angular/core,2023-11-14,627511
@angular/core,2023-11-15,607307
@angular/core,2023-11-16,642512
@angular/core,2023-11-17,559345
@angular/core,2023-11-18,121035
@angular/core,2023-11-19,120794
@angular/core,2023-11-20,609085
@angular/core,2023-11-21,659513
@angular/core,2023-11-22,622465
@angular/core,2023-11-23,557023
@angular/core,2023-11-24,473401
@angular/core,2023-11-25,112003
@angular/core,2023-11-26,121059
@angular/core,2023-11-27,610781
@angular/core,2023-11-28,652206
@angular/core,2023-11-29,646558
@angular/core,2023-11-30,636084
@angular/core,2023-12-01,550426
@angular/core,2023-12-02,124408
@angular/core,2023-12-03,119941
@angular/core,2023-12-04,614330
@angular/core,2023-12-05,640130
@angular/core,2023-12-06,619808
@angular/core,2023-12-07,616445
@angular/core,2023-12-08,501333
@angular/core,2023-12-09,117565
@angular/core,2023-12-10,122481
@angular/core,2023-12-11,614031
@angular/core,2023-12-12,640445
@angular/core,2023-12-13,626891
@angular/core,2023-12-14,623833
@angular/core,2023-12-15,521657
@angular/core,2023-12-16,114105
@angular/core,2023-12-17,117578
@angular/core,2023-12-18,579049
@angular/core,2023-12-19,605254
@angular/core,2023-12-20,572269
@angular/core,2023-12-21,545181
@angular/core,2023-12-22,419807
@angular/core,2023-12-23,97945
@angular/core,2023-12-24,88575
@angular/core,2023-12-25,144945
@angular/core,2023-12-26,259017
@angular/core,2023-12-27,335201
@angular/core,2023-12-28,336900
@angular/core,2023-12-29,276876
@angular/core,2023-12-30,96041
@angular/core,2023-12-31,90489
@angular/core,2024-01-01,124966
@angular/core,2024-01-02,431175
@angular/core,2024-01-03,517621
@angular/core,2024-01-04,535142
@angular/core,2024-01-05,477271
@angular/core,2024-01-06,107978
@angular/core,2024-01-07,111382
@angular/core,2024-01-08,569655
@angular/core,2024-01-09,621218
@angular/core,2024-01-10,631738
@angular/core,2024-01-11,633795
@angular/core,2024-01-12,560874
@angular/core,2024-01-13,114749
@angular/core,2024-01-14,120867
@angular/core,2024-01-15,528120
@angular/core,2024-01-16,626933
@angular/core,2024-01-17,637449
@angular/core,2024-01-18,643009
@angular/core,2024-01-19,568236
@angular/core,2024-01-20,127254
@angular/core,2024-01-21,122560
@angular/core,2024-01-22,629781
@angular/core,2024-01-23,649840
@angular/core,2024-01-24,648027
@angular/core,2024-01-25,640635
@angular/core,2024-01-26,491788
@angular/core,2024-01-27,119196
@angular/core,2024-01-28,120925
@angular/core,2024-01-29,629312
@angular/core,2024-01-30,658814
@angular/core,2024-01-31,652936
@angular/core,2024-02-01,664264
@angular/core,2024-02-02,581644
@angular/core,2024-02-03,121609
@angular/core,2024-02-04,126789
@angular/core,2024-02-05,624476
@angular/core,2024-02-06,662979
@angular/core,2024-02-07,643512
@angular/core,2024-02-08,639158
@angular/core,2024-02-09,573729
@angular/core,2024-02-10,122661
@angular/core,2024-02-11,123819
@angular/core,2024-02-12,598067
@angular/core,2024-02-13,639398
@angular/core,2024-02-14,626164
@angular/core,2024-02-15,656465
@angular/core,2024-02-16,578927
@angular/core,2024-02-17,124471
@angular/core,2024-02-18,122114
@angular/core,2024-02-19,596023
@angular/core,2024-02-20,668948
@angular/core,2024-02-21,672440
@angular/core,2024-02-22,661858
@angular/core,2024-02-23,573353
@angular/core,2024-02-24,124621
@angular/core,2024-02-25,128040
@angular/core,2024-02-26,652412
@angular/core,2024-02-27,676047
@angular/core,2024-02-28,677424
@angular/core,2024-02-29,666011
@angular/core,2024-03-01,577467
@angular/core,2024-03-02,125173
@angular/core,2024-03-03,124717
@angular/core,2024-03-04,642379
@angular/core,2024-03-05,680332
@angular/core,2024-03-06,679680
@angular/core,2024-03-07,672075
@angular/core,2024-03-08,546890
@angular/core,2024-03-09,125277
@angular/core,2024-03-10,124496
@angular/core,2024-03-11,640701
@angular/core,2024-03-12,672877
@angular/core,2024-03-13,666837
@angular/core,2024-03-14,674222
@angular/core,2024-03-15,589766
@angular/core,2024-03-16,131586
@angular/core,2024-03-17,126227
@angular/core,2024-03-18,656139
@angular/core,2024-03-19,680025
@angular/core,2024-03-20,660351
@angular/core,2024-03-21,683619
@angular/core,2024-03-22,579561
@angular/core,2024-03-23,119303
@angular/core,2024-03-24,120663
@angular/core,2024-03-25,601052
@angular/core,2024-03-26,491760
@angular/core,2024-03-27,653141
@angular/core,2024-03-28,600635
@angular/core,2024-03-29,380377
@angular/core,2024-03-30,110921
@angular/core,2024-03-31,106377
@angular/core,2024-04-01,422541
@angular/core,2024-04-02,643550
@angular/core,2024-04-03,663388
@angular/core,2024-04-04,659127
@angular/core,2024-04-05,565011
@angular/core,2024-04-06,117752
@angular/core,2024-04-07,117438
@angular/core,2024-04-08,626561
@angular/core,2024-04-09,615856
@angular/core,2024-04-10,624976
@angular/core,2024-04-11,612968
@angular/core,2024-04-12,559614
@angular/core,2024-04-13,120200
@angular/core,2024-04-14,114963
@angular/core,2024-04-15,643287
@angular/core,2024-04-16,671307
@angular/core,2024-04-17,668406
@angular/core,2024-04-18,653934
@angular/core,2024-04-19,562701
@angular/core,2024-04-20,113586
@angular/core,2024-04-21,118784
@angular/core,2024-04-22,640884
@angular/core,2024-04-23,660092
@angular/core,2024-04-24,648937
@angular/core,2024-04-25,636306
@angular/core,2024-04-26,563464
@angular/core,2024-04-27,122557
@angular/core,2024-04-28,112723
@angular/core,2024-04-29,611170
@angular/core,2024-04-30,627884
@angular/core,2024-05-01,346640
@angular/core,2024-05-02,615709
@angular/core,2024-05-03,529577
@angular/core,2024-05-04,116451
@angular/core,2024-05-05,111631
@angular/core,2024-05-06,579486
@angular/core,2024-05-07,645965
@angular/core,2024-05-08,610226
@angular/core,2024-05-09,531675
@angular/core,2024-05-10,514644
@angular/core,2024-05-11,113257
@angular/core,2024-05-12,110037
@angular/core,2024-05-13,625621
@angular/core,2024-05-14,670818
@angular/core,2024-05-15,670857
@angular/core,2024-05-16,683241
@angular/core,2024-05-17,579061
@angular/core,2024-05-18,116385
@angular/core,2024-05-19,116032
@angular/core,2024-05-20,532977
@angular/core,2024-05-21,689538
@angular/core,2024-05-22,690983
@angular/core,2024-05-23,692739
@angular/core,2024-05-24,578313
@angular/core,2024-05-25,115291
@angular/core,2024-05-26,118794
@angular/core,2024-05-27,565580
@angular/core,2024-05-28,666737
@angular/core,2024-05-29,681813
@angular/core,2024-05-30,611702
@angular/core,2024-05-31,563822
@angular/core,2024-06-01,123159
@angular/core,2024-06-02,128128
@angular/core,2024-06-03,655786
@angular/core,2024-06-04,687725
@angular/core,2024-06-05,685880
@angular/core,2024-06-06,679790
@angular/core,2024-06-07,580970
@angular/core,2024-06-08,121312
@angular/core,2024-06-09,123059
@angular/core,2024-06-10,644303
@angular/core,2024-06-11,686001
@angular/core,2024-06-12,666424
@angular/core,2024-06-13,682421
@angular/core,2024-06-14,587205
@angular/core,2024-06-15,118254
@angular/core,2024-06-16,113424
@angular/core,2024-06-17,595980
@angular/core,2024-06-18,667127
@angular/core,2024-06-19,637292
@angular/core,2024-06-20,655271
@angular/core,2024-06-21,579214
@angular/core,2024-06-22,118147
@angular/core,2024-06-23,119628
@angular/core,2024-06-24,621828
@angular/core,2024-06-25,673110
@angular/core,2024-06-26,662877
@angular/core,2024-06-27,661700
@angular/core,2024-06-28,554984
@angular/core,2024-06-29,110105
@angular/core,2024-06-30,108030
@angular/core,2024-07-01,616214
@angular/core,2024-07-02,659223
@angular/core,2024-07-03,645591
@angular/core,2024-07-04,559311
@angular/core,2024-07-05,499812
@angular/core,2024-07-06,102052
@angular/core,2024-07-07,108267
@angular/core,2024-07-08,627098
@angular/core,2024-07-09,661933
@angular/core,2024-07-10,657941
@angular/core,2024-07-11,656221
@angular/core,2024-07-12,554034
@angular/core,2024-07-13,111143
@angular/core,2024-07-14,111358
@angular/core,2024-07-15,597897
@angular/core,2024-07-16,655180
@angular/core,2024-07-17,648983
@angular/core,2024-07-18,655233
@angular/core,2024-07-19,551455
@angular/core,2024-07-20,113838
@angular/core,2024-07-21,114112
@angular/core,2024-07-22,630241
@angular/core,2024-07-23,664551
@angular/core,2024-07-24,658893
@angular/core,2024-07-25,643810
@angular/core,2024-07-26,549254
@angular/core,2024-07-27,112835
@angular/core,2024-07-28,116764
@angular/core,2024-07-29,625900
@angular/core,2024-07-30,652658
@angular/core,2024-07-31,652325
@angular/core,2024-08-01,655740
@angular/core,2024-08-02,561683
@angular/core,2024-08-03,112219
@angular/core,2024-08-04,111468
@angular/core,2024-08-05,620921
@angular/core,2024-08-06,661975
@angular/core,2024-08-07,660032
@angular/core,2024-08-08,667146
@angular/core,2024-08-09,573798
@angular/core,2024-08-10,114567
@angular/core,2024-08-11,118211
@angular/core,2024-08-12,620653
@angular/core,2024-08-13,649239
@angular/core,2024-08-14,638760
@angular/core,2024-08-15,435965
@angular/core,2024-08-16,480148
@angular/core,2024-08-17,103147
@angular/core,2024-08-18,112223
@angular/core,2024-08-19,580943
@angular/core,2024-08-20,646825
@angular/core,2024-08-21,615038
@angular/core,2024-08-22,643152
@angular/core,2024-08-23,557952
@angular/core,2024-08-24,110710
@angular/core,2024-08-25,109953
@angular/core,2024-08-26,590622
@angular/core,2024-08-27,660609
@angular/core,2024-08-28,658193
@angular/core,2024-08-29,654029
@angular/core,2024-08-30,567860
@angular/core,2024-08-31,114051
@angular/core,2024-09-01,117861
@angular/core,2024-09-02,537984
@angular/core,2024-09-03,648191
@angular/core,2024-09-04,682040
@angular/core,2024-09-05,655272
@angular/core,2024-09-06,570559
@angular/core,2024-09-07,115021
@angular/core,2024-09-08,118374
@angular/core,2024-09-09,650149
@angular/core,2024-09-10,677112
@angular/core,2024-09-11,670741
@angular/core,2024-09-12,676877
@angular/core,2024-09-13,578525
@angular/core,2024-09-14,114284
@angular/core,2024-09-15,114014
@angular/core,2024-09-16,623111
@angular/core,2024-09-17,657144
@angular/core,2024-09-18,672329
@angular/core,2024-09-19,672761
@angular/core,2024-09-20,588101
@angular/core,2024-09-21,118921
@angular/core,2024-09-22,117236
@angular/core,2024-09-23,666331
@angular/core,2024-09-24,704836
@angular/core,2024-09-25,692685
@angular/core,2024-09-26,694758
@angular/core,2024-09-27,591026
@angular/core,2024-09-28,121178
@angular/core,2024-09-29,121002
@angular/core,2024-09-30,658187
@angular/core,2024-10-01,672614
@angular/core,2024-10-02,594489
@angular/core,2024-10-03,630962
@angular/core,2024-10-04,577181
@angular/core,2024-10-05,115423
@angular/core,2024-10-06,117241
@angular/core,2024-10-07,659048
@angular/core,2024-10-08,681990
@angular/core,2024-10-09,681118
@angular/core,2024-10-10,672313
@angular/core,2024-10-11,552953
@angular/core,2024-10-12,110746
@angular/core,2024-10-13,119117
@angular/core,2024-10-14,630251
@angular/core,2024-10-15,694302
@angular/core,2024-10-16,700059
@angular/core,2024-10-17,691213
@angular/core,2024-10-18,612465
@angular/core,2024-10-19,184468
@angular/core,2024-10-20,149305
@angular/core,2024-10-21,678832
@angular/core,2024-10-22,704019
@angular/core,2024-10-23,707731
@angular/core,2024-10-24,753218
@angular/core,2024-10-25,746491
@angular/core,2024-10-26,167215
@angular/core,2024-10-27,150360
@angular/core,2024-10-28,682005
@angular/core,2024-10-29,708317
@angular/core,2024-10-30,678798
@angular/core,2024-10-31,578384
@angular/core,2024-11-01,428186
@angular/core,2024-11-02,123078
@angular/core,2024-11-03,126970
@angular/core,2024-11-04,647528
@angular/core,2024-11-05,709392
@angular/core,2024-11-06,702804
@angular/core,2024-11-07,714247
@angular/core,2024-11-08,627449
@angular/core,2024-11-09,438301
@angular/core,2024-11-10,162805
@angular/core,2024-11-11,626826
@angular/core,2024-11-12,734079
@angular/core,2024-11-13,738378
@angular/core,2024-11-14,664227
@angular/core,2024-11-15,616478
@angular/core,2024-11-16,156549
@angular/core,2024-11-17,162346
@angular/core,2024-11-18,715818
@angular/core,2024-11-19,785102
@angular/core,2024-11-20,719965
@angular/core,2024-11-21,741238
@angular/core,2024-11-22,643601
@angular/core,2024-11-23,155630
@angular/core,2024-11-24,149887
@angular/core,2024-11-25,714483
@angular/core,2024-11-26,744096
@angular/core,2024-11-27,707356
@angular/core,2024-11-28,610744
@angular/core,2024-11-29,523223
@angular/core,2024-11-30,129799
@angular/core,2024-12-01,126709
@angular/core,2024-12-02,686772
@angular/core,2024-12-03,738680
@angular/core,2024-12-04,718128
@angular/core,2024-12-05,711428
@angular/core,2024-12-06,588245
@angular/core,2024-12-07,127699
@angular/core,2024-12-08,125341
@angular/core,2024-12-09,690344
@angular/core,2024-12-10,720353
@angular/core,2024-12-11,704320
@angular/core,2024-12-12,690135
@angular/core,2024-12-13,583564
@angular/core,2024-12-14,128201
@angular/core,2024-12-15,125570
@angular/core,2024-12-16,663044
@angular/core,2024-12-17,712367
@angular/core,2024-12-18,686877
@angular/core,2024-12-19,666395
@angular/core,2024-12-20,554966
@angular/core,2024-12-21,120060
@angular/core,2024-12-22,115006
@angular/core,2024-12-23,436654
@angular/core,2024-12-24,318267
@angular/core,2024-12-25,154764
@angular/core,2024-12-26,291098
@angular/core,2024-12-27,306665
@angular/core,2024-12-28,102871
@angular/core,2024-12-29,100553
@angular/core,2024-12-30,344901
@angular/core,2024-12-31,255063
@angular/core,2025-01-01,127964
@angular/core,2025-01-02,422108
@angular/core,2025-01-03,435582
@angular/core,2025-01-04,125607
@angular/core,2025-01-05,127643
@angular/core,2025-01-06,559855
@angular/core,2025-01-07,638975
@angular/core,2025-01-08,680749
@angular/core,2025-01-09,691827
@angular/core,2025-01-10,617653
@angular/core,2025-01-11,131958
@angular/core,2025-01-12,129292
@angular/core,2025-01-13,669974
@angular/core,2025-01-14,659390
@angular/core,2025-01-15,702518
@angular/core,2025-01-16,725058
@angular/core,2025-01-17,645659
@angular/core,2025-01-18,132465
@angular/core,2025-01-19,131961
@angular/core,2025-01-20,659202
@angular/core,2025-01-21,719262
@angular/core,2025-01-22,738206
@angular/core,2025-01-23,729687
@angular/core,2025-01-24,635473
@angular/core,2025-01-25,127861
@angular/core,2025-01-26,130357
@angular/core,2025-01-27,691161
@angular/core,2025-01-28,727980
@angular/core,2025-01-29,717463
@angular/core,2025-01-30,714337
@angular/core,2025-01-31,616784
@angular/core,2025-02-01,138759
@angular/core,2025-02-02,138911
@angular/core,2025-02-03,700150
@angular/core,2025-02-04,740714
@angular/core,2025-02-05,751100
@angular/core,2025-02-06,736045
@angular/core,2025-02-07,647586
@angular/core,2025-02-08,139681
@angular/core,2025-02-09,142878
@angular/core,2025-02-10,726468
@angular/core,2025-02-11,752732
@angular/core,2025-02-12,752553
@angular/core,2025-02-13,771661
@angular/core,2025-02-14,660506
@angular/core,2025-02-15,135733
@angular/core,2025-02-16,136906
@angular/core,2025-02-17,669181
@angular/core,2025-02-18,735665
@angular/core,2025-02-19,760048
@angular/core,2025-02-20,747247
@angular/core,2025-02-21,682100
@angular/core,2025-02-22,201730
@angular/core,2025-02-23,132699
@angular/core,2025-02-24,722130
@angular/core,2025-02-25,771042
@angular/core,2025-02-26,750513
@angular/core,2025-02-27,743271
@angular/core,2025-02-28,645230
@angular/core,2025-03-01,141456
@angular/core,2025-03-02,177012
@angular/core,2025-03-03,760635
@angular/core,2025-03-04,727529
@angular/core,2025-03-05,733949
@angular/core,2025-03-06,750633
@angular/core,2025-03-07,653568
@angular/core,2025-03-08,158296
@angular/core,2025-03-09,150990
@angular/core,2025-03-10,744487
@angular/core,2025-03-11,769442
@angular/core,2025-03-12,762135
@angular/core,2025-03-13,755102
@angular/core,2025-03-14,615049
@angular/core,2025-03-15,143921
@angular/core,2025-03-16,135743
@angular/core,2025-03-17,733970
@angular/core,2025-03-18,766670
@angular/core,2025-03-19,752361
@angular/core,2025-03-20,752443
@angular/core,2025-03-21,653401
@angular/core,2025-03-22,141683
@angular/core,2025-03-23,137136
@angular/core,2025-03-24,733314
@angular/core,2025-03-25,773385
@angular/core,2025-03-26,777449
@angular/core,2025-03-27,770863
@angular/core,2025-03-28,662026
@angular/core,2025-03-29,144514
@angular/core,2025-03-30,139714
@angular/core,2025-03-31,643376
@angular/core,2025-04-01,752102
@angular/core,2025-04-02,747583
@angular/core,2025-04-03,750771
@angular/core,2025-04-04,647914
@angular/core,2025-04-05,138352
@angular/core,2025-04-06,137950
@angular/core,2025-04-07,727238
@angular/core,2025-04-08,762733
@angular/core,2025-04-09,745983
@angular/core,2025-04-10,766602
@angular/core,2025-04-11,673901
@angular/core,2025-04-12,148493
@angular/core,2025-04-13,133861
@angular/core,2025-04-14,710748
@angular/core,2025-04-15,743762
@angular/core,2025-04-16,747658
@angular/core,2025-04-17,703782
@angular/core,2025-04-18,414902
@angular/core,2025-04-19,135946
@angular/core,2025-04-20,128617
@angular/core,2025-04-21,438708
@angular/core,2025-04-22,733234
@angular/core,2025-04-23,957710
@angular/core,2025-04-24,850062
@angular/core,2025-04-25,642458
@angular/core,2025-04-26,133719
@angular/core,2025-04-27,146925
@angular/core,2025-04-28,722849
@angular/core,2025-04-29,771841
@angular/core,2025-04-30,727994
@angular/core,2025-05-01,384743
@angular/core,2025-05-02,511471
@angular/core,2025-05-03,131928
@angular/core,2025-05-04,135941
@angular/core,2025-05-05,680234
@angular/core,2025-05-06,757766
@angular/core,2025-05-07,781530
@angular/core,2025-05-08,722799
@angular/core,2025-05-09,642458
@angular/core,2025-05-10,141205
@angular/core,2025-05-11,159296
@angular/core,2025-05-12,785675
@angular/core,2025-05-13,818486
@angular/core,2025-05-14,797735
@angular/core,2025-05-15,768658
@angular/core,2025-05-16,676794
@angular/core,2025-05-17,145680
@angular/core,2025-05-18,154010
@angular/core,2025-05-19,726168
@angular/core,2025-05-20,777128
@angular/core,2025-05-21,782114
@angular/core,2025-05-22,756913
@angular/core,2025-05-23,661131
@angular/core,2025-05-24,152091
@angular/core,2025-05-25,148817
@angular/core,2025-05-26,626755
@angular/core,2025-05-27,777044
@angular/core,2025-05-28,785667
@angular/core,2025-05-29,639452
@angular/core,2025-05-30,606918
@angular/core,2025-05-31,143040
@angular/core,2025-06-01,154799
@angular/core,2025-06-02,724750
@angular/core,2025-06-03,772821
@angular/core,2025-06-04,774305
@angular/core,2025-06-05,768950
@angular/core,2025-06-06,636801
@angular/core,2025-06-07,134883
@angular/core,2025-06-08,126443
@angular/core,2025-06-09,566798
@angular/core,2025-06-10,741279
@angular/core,2025-06-11,777450
@angular/core,2025-06-12,743316
@angular/core,2025-06-13,690160
@angular/core,2025-06-14,180244
@angular/core,2025-06-15,172409
@angular/core,2025-06-16,749471
@angular/core,2025-06-17,800587
@angular/core,2025-06-18,839806
@angular/core,2025-06-19,646532
@angular/core,2025-06-20,660876
@angular/core,2025-06-21,222372
@angular/core,2025-06-22,192066
@angular/core,2025-06-23,773661
@angular/core,2025-06-24,814062
@angular/core,2025-06-25,1108582
@angular/core,2025-06-26,938192
@angular/core,2025-06-27,691892
@angular/core,2025-06-28,185737
@angular/core,2025-06-29,201654
@angular/core,2025-06-30,753554
@angular/core,2025-07-01,766307
@angular/core,2025-07-02,772472
@angular/core,2025-07-03,738598
@angular/core,2025-07-04,604212
@angular/core,2025-07-05,213051
@angular/core,2025-07-06,218209
@angular/core,2025-07-07,776087
@angular/core,2025-07-08,797691
@angular/core,2025-07-09,746256
@angular/core,2025-07-10,738975
@angular/core,2025-07-11,669296
@angular/core,2025-07-12,180466
@angular/core,2025-07-13,187955
@angular/core,2025-07-14,710850
@angular/core,2025-07-15,757771
@angular/core,2025-07-16,759106
@angular/core,2025-07-17,790992
@angular/core,2025-07-18,656623
@angular/core,2025-07-19,171048
@angular/core,2025-07-20,178421
@angular/core,2025-07-21,741438
@angular/core,2025-07-22,770735
@angular/core,2025-07-23,834078
@angular/core,2025-07-24,770811
@angular/core,2025-07-25,631414
@angular/core,2025-07-26,128646
@angular/core,2025-07-27,133749
@angular/core,2025-07-28,735144
@angular/core,2025-07-29,779418
@angular/core,2025-07-30,750640
@angular/core,2025-07-31,773948
@angular/core,2025-08-01,642758
@angular/core,2025-08-02,143972
@angular/core,2025-08-03,143809
@angular/core,2025-08-04,683949
@angular/core,2025-08-05,744237
@angular/core,2025-08-06,735867
@angular/core,2025-08-07,734056
@angular/core,2025-08-08,618785
@angular/core,2025-08-09,124750
@angular/core,2025-08-10,135784
@angular/core,2025-08-11,696613
@angular/core,2025-08-12,740442
@angular/core,2025-08-13,752501
@angular/core,2025-08-14,708448
@angular/core,2025-08-15,462457
@angular/core,2025-08-16,126380
@angular/core,2025-08-17,132522
@angular/core,2025-08-18,690321
@angular/core,2025-08-19,758186
@angular/core,2025-08-20,754086
@angular/core,2025-08-21,750661
@angular/core,2025-08-22,671771
@angular/core,2025-08-23,159035
@angular/core,2025-08-24,157251
@angular/core,2025-08-25,709914
@angular/core,2025-08-26,776481
@angular/core,2025-08-27,714253
@angular/core,2025-08-28,810151
@angular/core,2025-08-29,842971
@angular/core,2025-08-30,426811
@angular/core,2025-08-31,480515
@angular/core,2025-09-01,610227
@angular/core,2025-09-02,738800
@angular/core,2025-09-03,763166
@angular/core,2025-09-04,753812
@angular/core,2025-09-05,644156
@angular/core,2025-09-06,140115
@angular/core,2025-09-07,147952
@angular/core,2025-09-08,743892
@angular/core,2025-09-09,789108
@angular/core,2025-09-10,784318
@angular/core,2025-09-11,791022
@angular/core,2025-09-12,679419
@angular/core,2025-09-13,150044
@angular/core,2025-09-14,153426
@angular/core,2025-09-15,768076
@angular/core,2025-09-16,799481
@angular/core,2025-09-17,804492
@angular/core,2025-09-18,790671
@angular/core,2025-09-19,685230
@angular/core,2025-09-20,142076
@angular/core,2025-09-21,156099
@angular/core,2025-09-22,758066
@angular/core,2025-09-23,792453
@angular/core,2025-09-24,788222
@angular/core,2025-09-25,806648
@angular/core,2025-09-26,695639
@angular/core,2025-09-27,157300
@angular/core,2025-09-28,159834
@angular/core,2025-09-29,769677
@angular/core,2025-09-30,809751
@angular/core,2025-10-01,771684
@angular/core,2025-10-02,695811
@angular/core,2025-10-03,651362
@angular/core,2025-10-04,142870
@angular/core,2025-10-05,150920
@angular/core,2025-10-06,771567
@angular/core,2025-10-07,806200
@angular/core,2025-10-08,796533
@angular/core,2025-10-09,784044
@angular/core,2025-10-10,707140
@angular/core,2025-10-11,152047
@angular/core,2025-10-12,146400
@angular/core,2025-10-13,722083
@angular/core,2025-10-14,803062
@angular/core,2025-10-15,802936
@angular/core,2025-10-16,815581
@angular/core,2025-10-17,743558
@angular/core,2025-10-18,167979
@angular/core,2025-10-19,170522
@angular/core,2025-10-20,644887
@angular/core,2025-10-21,0
@angular/core,2025-10-22,792002
@angular/core,2025-10-23,799032
@angular/core,2025-10-24,807313
@angular/core,2025-10-25,216292
@angular/core,2025-10-26,163229
@angular/core,2025-10-27,781741
@angular/core,2025-10-28,820847
@angular/core,2025-10-29,809975
@angular/core,2025-10-30,820494
@angular/core,2025-10-31,704006
@angular/core,2025-11-01,163930
@angular/core,2025-11-02,151451
@angular/core,2025-11-03,764769
@angular/core,2025-11-04,826035
@angular/core,2025-11-05,817697
@angular/core,2025-11-06,824981
@angular/core,2025-11-07,737532
@angular/core,2025-11-08,177596
@angular/core,2025-11-09,175611
@angular/core,2025-11-10,757786
@angular/core,2025-11-11,728255
@angular/core,2025-11-12,818624
@angular/core,2025-11-13,825004
@angular/core,2025-11-14,746725
@angular/core,2025-11-15,167113
@angular/core,2025-11-16,171140
@angular/core,2025-11-17,784295
@angular/core,2025-11-18,847029
@angular/core,2025-11-19,864155
@angular/core,2025-11-20,822976
@angular/core,2025-11-21,722320
@angular/core,2025-11-22,166679
@angular/core,2025-11-23,170605
@angular/core,2025-11-24,790790
@angular/core,2025-11-25,853750
@angular/core,2025-11-26,866964
@angular/core,2025-11-27,764781
@angular/core,2025-11-28,680343
@angular/core,2025-11-29,195934
@angular/core,2025-11-30,171855
@angular/core,2025-12-01,853093
@angular/core,2025-12-02,929076
@angular/core,2025-12-03,866618
@angular/core,2025-12-04,876236
@angular/core,2025-12-05,824139
@angular/core,2025-12-06,278177
@angular/core,2025-12-07,277152
@angular/core,2025-12-08,872711
@angular/core,2025-12-09,974808
@angular/core,2025-12-10,941354
@angular/core,2025-12-11,831789
@angular/core,2025-12-12,710297
@angular/core,2025-12-13,157502
@angular/core,2025-12-14,164921
@angular/core,2025-12-15,787624
@angular/core,2025-12-16,821096
@angular/core,2025-12-17,806990
@angular/core,2025-12-18,800493
@angular/core,2025-12-19,661295
@angular/core,2025-12-20,149184
@angular/core,2025-12-21,139241
@angular/core,2025-12-22,570197
@angular/core,2025-12-23,549959
@angular/core,2025-12-24,367125
@angular/core,2025-12-25,165520
@angular/core,2025-12-26,248174
@angular/core,2025-12-27,112147
@angular/core,2025-12-28,125658
@angular/core,2025-12-29,428919
@angular/core,2025-12-30,424366
@angular/core,2025-12-31,316098
@angular/core,2026-01-01,158642
@angular/core,2026-01-02,335372
@angular/core,2026-01-03,123224
@angular/core,2026-01-04,137430
@angular/core,2026-01-05,643400
@angular/core,2026-01-06,646320
@angular/core,2026-01-07,725298
@angular/core,2026-01-08,780462
@angular/core,2026-01-09,737330
@angular/core,2026-01-10,207352
@angular/core,2026-01-11,161669
@angular/core,2026-01-12,793574
@angular/core,2026-01-13,819827
@angular/core,2026-01-14,795602
@angular/core,2026-01-15,762672
@angular/core,2026-01-16,722192
@angular/core,2026-01-17,173659
@angular/core,2026-01-18,168696
@angular/core,2026-01-19,729451
@angular/core,2026-01-20,814178
@angular/core,2026-01-21,828930
@angular/core,2026-01-22,845579
@angular/core,2026-01-23,747814
@angular/core,2026-01-24,169267
@angular/core,2026-01-25,174781
@angular/core,2026-01-26,727415
@angular/core,2026-01-27,860462
@angular/core,2026-01-28,872947
@angular/core,2026-01-29,859361
@angular/core,2026-01-30,758713
@angular/core,2026-01-31,183749
@angular/core,2026-02-01,200309
@angular/core,2026-02-02,800841
@angular/core,2026-02-03,896491
@angular/core,2026-02-04,866581
@angular/core,2026-02-05,867765
@angular/core,2026-02-06,767257
@angular/core,2026-02-07,194027
@angular/core,2026-02-08,203182
@angular/core,2026-02-09,815263
@angular/core,2026-02-10,913471
@angular/core,2026-02-11,881362
@angular/core,2026-02-12,879972
@angular/core,2026-02-13,764998
@angular/core,2026-02-14,191762
@angular/core,2026-02-15,206802
@angular/core,2026-02-16,741040
@angular/core,2026-02-17,827460
@angular/core,2026-02-18,866730
@angular/core,2026-02-19,882445
@angular/core,2026-02-20,800575
@angular/core,2026-02-21,215990
@angular/core,2026-02-22,238871
@angular/core,2026-02-23,884189
@angular/core,2026-02-24,940072
@angular/core,2026-02-25,957735
@angular/core,2026-02-26,936322
@angular/core,2026-02-27,809009
@angular/core,2026-02-28,211465
@angular/core,2026-03-01,265473
@angular/core,2026-03-02,909401
@angular/core,2026-03-03,905580
@angular/core,2026-03-04,918992
@angular/core,2026-03-05,964202
@angular/core,2026-03-06,863668
@angular/core,2026-03-07,269884
@angular/core,2026-03-08,241175
@angular/core,2026-03-09,946700
@angular/core,2026-03-10,1017183
@angular/core,2026-03-11,991053
@angular/core,2026-03-12,987886
@angular/core,2026-03-13,891717
@angular/core,2026-03-14,282583
@angular/core,2026-03-15,260138
@angular/core,2026-03-16,956587
@angular/core,2026-03-17,1023415
@angular/core,2026-03-18,988863
@angular/core,2026-03-19,944363
@angular/core,2026-03-20,823899
@angular/core,2026-03-21,291899
@angular/core,2026-03-22,347925
@angular/core,2026-03-23,944523
@angular/core,2026-03-24,969828
@angular/core,2026-03-25,973853
@angular/core,2026-03-26,986145
@angular/core,2026-03-27,859275
@angular/core,2026-03-28,238288
@angular/core,2026-03-29,241092
@angular/core,2026-03-30,956101
@angular/core,2026-03-31,964729
@angular/core,2026-04-01,948492
@angular/core,2026-04-02,907846
@angular/core,2026-04-03,586958
@angular/core,2026-04-04,223613
@angular/core,2026-04-05,225604
@angular/core,2026-04-06,646464
@angular/core,2026-04-07,949139
@angular/core,2026-04-08,990077
@angular/core,2026-04-09,987019
@angular/core,2026-04-10,859885
@angular/core,2026-04-11,238247
@angular/core,2026-04-12,223865
@angular/core,2026-04-13,912364
@angular/core,2026-04-14,960978
@angular/core,2026-04-15,966463
@angular/core,2026-04-16,987582
@angular/core,2026-04-17,887187
@angular/core,2026-04-18,223411
@angular/core,2026-04-19,245402
@angular/core,2026-04-20,938185
@angular/core,2026-04-21,980478
@angular/core,2026-04-22,998633
@angular/core,2026-04-23,930725
@angular/core,2026-04-24,843293
@angular/core,2026-04-25,232166
@angular/core,2026-04-26,239112
@angular/core,2026-04-27,1023780
@angular/core,2026-04-28,1073644
@angular/core,2026-04-29,1043518
@angular/core,2026-04-30,971333
@angular/core,2026-05-01,579645
@angular/core,2026-05-02,246045
@angular/core,2026-05-03,236381
@angular/core,2026-05-04,889450
@angular/core,2026-05-05,978898
@angular/core,2026-05-06,980459
@angular/core,2026-05-07,1001501
@angular/core,2026-05-08,857753
@angular/core,2026-05-09,289273
@angular/core,2026-05-10,263158
@angular/core,2026-05-11,1005110
@angular/core,2026-05-12,1058493
@angular/core,2026-05-13,1073781
@angular/core,2026-05-14,873281
@angular/core,2026-05-15,850646
@angular/core,2026-05-16,289278
@angular/core,2026-05-17,265710
@angular/core,2026-05-18,1004953
@angular/core,2026-05-19,1044238
@angular/core,2026-05-20,1028091
@angular/core,2026-05-21,1026007
@angular/core,2026-05-22,905007
@angular/core,2026-05-23,262708
@angular/core,2026-05-24,283626
@angular/core,2026-05-25,709227
@angular/core,2026-05-26,975174
@angular/core,2026-05-27,1027904
@angular/core,2026-05-28,994731
@angular/core,2026-05-29,922422
@angular/core,2026-05-30,264075
@angular/core,2026-05-31,277127
@angular/core,2026-06-01,976431
@angular/core,2026-06-02,1050927
@angular/core,2026-06-03,0
@angular/core,2026-06-04,986236
@angular/core,2026-06-05,894013
@angular/core,2026-06-06,307538
@angular/core,2026-06-07,321537
@angular/core,2026-06-08,1052101
@angular/core,2026-06-09,1109473
@angular/core,2026-06-10,1090496
@angular/core,2026-06-11,1124268
@angular/core,2026-06-12,1056812
@angular/core,2026-06-13,368037
@angular/core,2026-06-14,277543
@angular/core,2026-06-15,1055650
@angular/core,2026-06-16,1110727
@angular/core,2026-06-17,1100414
@angular/core,2026-06-18,1094324
@angular/core,2026-06-19,964726
@angular/core,2026-06-20,419843
@angular/core,2026-06-21,444266
@angular/core,2026-06-22,1112003
@angular/core,2026-06-23,1060344
@angular/core,2026-06-24,1023316
@angular/core,2026-06-25,1023069
@angular/core,2026-06-26,911324
@angular/core,2026-06-27,313151
@angular/core,2026-06-28,321171
@angular/core,2026-06-29,993878
@angular/core,2026-06-30,1086429
@angular/core,2026-07-01,1028748
@angular/core,2026-07-02,1012630
@angular/core,2026-07-03,813673
@angular/core,2026-07-04,276640
@angular/core,2026-07-05,269414
@angular/core,2026-07-06,982579
@angular/core,2026-07-07,1060784
@angular/core,2026-07-08,1056593
@angular/core,2026-07-09,0
@angular/core,2026-07-10,926658
@angular/core,2026-07-11,298618
@angular/core,2026-07-12,0
@angular/core,2026-07-13,1031284
@angular/core,2026-07-14,1074684
@angular/core,2026-07-15,1053266
@angular/core,2026-07-16,1087740
@angular/core,2026-07-17,982786
@angular/core,2026-07-18,354987
@angular/core,2026-07-19,348931
@angular/core,2026-07-20,1060344
@angular/core,2026-07-21,1076069
@angular/core,2026-07-22,1099808
@angular/core,2026-07-23,1085829
@angular/core,2026-07-24,959163
@angular/core,2026-07-25,324525
@angular/core,2026-07-26,306402
@angular/core,2026-07-27,1069448
@angular/core,2026-07-28,1081872
@angular/core,2026-07-29,1053781
@angular/core,2026-07-30,1059397
@angular/core,2026-07-31,933690
@angular/core,2026-08-01,315951
@angular/core,2026-08-02,307593
@angular/core,2026-08-03,1072419
@angular/core,2026-08-04,1138398
@angular/core,2026-08-05,1109715
@angular/core,2026-08-06,1007505
@angular/core,2026-08-07,990963
@angular/core,2026-08-08,336834
@angular/core,2026-08-09,327353
@angular/core,2026-08-10,1051167
@angular/core,2026-08-11,1081039
@angular/core,2026-08-12,1053907
@angular/core,2026-08-13,1061164
@angular/core,2026-08-14,0
@angular/core,2026-08-15,303341
@angular/core,2026-08-16,304812
@angular/core,2026-08-17,966431
@angular/core,2026-08-18,0
react,2015-01-10,0
react,2015-01-11,0
react,2015-01-12,0
react,2015-01-13,0
react,2015-01-14,0
react,2015-01-15,0
react,2015-01-16,0
react,2015-01-17,0
react,2015-01-18,0
react,2015-01-19,0
react,2015-01-20,0
react,2015-01-21,0
react,2015-01-22,0
react,2015-01-23,0
react,2015-01-24,0
react,2015-01-25,0
react,2015-01-26,0
react,2015-01-27,0
react,2015-01-28,0
react,2015-01-29,0
react,2015-01-30,0
react,2015-01-31,0
react,2015-02-01,0
react,2015-02-02,0
react,2015-02-03,0
react,2015-02-04,0
react,2015-02-05,0
react,2015-02-06,0
react,2015-02-07,0
react,2015-02-08,0
react,2015-02-09,0
react,2015-02-10,0
react,2015-02-11,0
react,2015-02-12,0
react,2015-02-13,0
react,2015-02-14,0
react,2015-02-15,0
react,2015-02-16,0
react,2015-02-17,0
react,2015-02-18,0
react,2015-02-19,0
react,2015-02-20,0
react,2015-02-21,0
react,2015-02-22,0
react,2015-02-23,0
react,2015-02-24,0
react,2015-02-25,0
react,2015-02-26,0
react,2015-02-27,7600
react,2015-02-28,4398
react,2015-03-01,2011
react,2015-03-02,5803
react,2015-03-03,7698
react,2015-03-04,6753
react,2015-03-05,7498
react,2015-03-06,7894
react,2015-03-07,2575
react,2015-03-08,1893
react,2015-03-09,6863
react,2015-03-10,7389
react,2015-03-11,8087
react,2015-03-12,8131
react,2015-03-13,7143
react,2015-03-14,2887
react,2015-03-15,2431
react,2015-03-16,6588
react,2015-03-17,7588
react,2015-03-18,7122
react,2015-03-19,7724
react,2015-03-20,7786
react,2015-03-21,2836
react,2015-03-22,2560
react,2015-03-23,7954
react,2015-03-24,8776
react,2015-03-25,9101
react,2015-03-26,8553
react,2015-03-27,7350
react,2015-03-28,2950
react,2015-03-29,2793
react,2015-03-30,8540
react,2015-03-31,9218
react,2015-04-01,9010
react,2015-04-02,9115
react,2015-04-03,6687
react,2015-04-04,2856
react,2015-04-05,4524
react,2015-04-06,6302
react,2015-04-07,9605
react,2015-04-08,10704
react,2015-04-09,9717
react,2015-04-10,9168
react,2015-04-11,2950
react,2015-04-12,2474
react,2015-04-13,8476
react,2015-04-14,9370
react,2015-04-15,10427
react,2015-04-16,9183
react,2015-04-17,8621
react,2015-04-18,3286
react,2015-04-19,4031
react,2015-04-20,11636
react,2015-04-21,10887
react,2015-04-22,11486
react,2015-04-23,9863
react,2015-04-24,9970
react,2015-04-25,3276
react,2015-04-26,3595
react,2015-04-27,10186
react,2015-04-28,11144
react,2015-04-29,10418
react,2015-04-30,11147
react,2015-05-01,8572
react,2015-05-02,4982
react,2015-05-03,2966
react,2015-05-04,9017
react,2015-05-05,10610
react,2015-05-06,10314
react,2015-05-07,11997
react,2015-05-08,9845
react,2015-05-09,4843
react,2015-05-10,3221
react,2015-05-11,11877
react,2015-05-12,13304
react,2015-05-13,13322
react,2015-05-14,11667
react,2015-05-15,11000
react,2015-05-16,3426
react,2015-05-17,3237
react,2015-05-18,10952
react,2015-05-19,12486
react,2015-05-20,12779
react,2015-05-21,12639
react,2015-05-22,11272
react,2015-05-23,3736
react,2015-05-24,3813
react,2015-05-25,6742
react,2015-05-26,11878
react,2015-05-27,13336
react,2015-05-28,13802
react,2015-05-29,11825
react,2015-05-30,5810
react,2015-05-31,3498
react,2015-06-01,13638
react,2015-06-02,13960
react,2015-06-03,15151
react,2015-06-04,15119
react,2015-06-05,12273
react,2015-06-06,3652
react,2015-06-07,3448
react,2015-06-08,12092
react,2015-06-09,13909
react,2015-06-10,14326
react,2015-06-11,15616
react,2015-06-12,12135
react,2015-06-13,6691
react,2015-06-14,5624
react,2015-06-15,13689
react,2015-06-16,13749
react,2015-06-17,16597
react,2015-06-18,15139
react,2015-06-19,13398
react,2015-06-20,4157
react,2015-06-21,4319
react,2015-06-22,15135
react,2015-06-23,17782
react,2015-06-24,20102
react,2015-06-25,16999
react,2015-06-26,15258
react,2015-06-27,5041
react,2015-06-28,4185
react,2015-06-29,17605
react,2015-06-30,16623
react,2015-07-01,18202
react,2015-07-02,15706
react,2015-07-03,11218
react,2015-07-04,3786
react,2015-07-05,3645
react,2015-07-06,15470
react,2015-07-07,16303
react,2015-07-08,18933
react,2015-07-09,18169
react,2015-07-10,15079
react,2015-07-11,5878
react,2015-07-12,5955
react,2015-07-13,16524
react,2015-07-14,19482
react,2015-07-15,19022
react,2015-07-16,18551
react,2015-07-17,15748
react,2015-07-18,4746
react,2015-07-19,3792
react,2015-07-20,15745
react,2015-07-21,18686
react,2015-07-22,18089
react,2015-07-23,18184
react,2015-07-24,16790
react,2015-07-25,5663
react,2015-07-26,5828
react,2015-07-27,17807
react,2015-07-28,21009
react,2015-07-29,19380
react,2015-07-30,18694
react,2015-07-31,17200
react,2015-08-01,5364
react,2015-08-02,4230
react,2015-08-03,17430
react,2015-08-04,21635
react,2015-08-05,22593
react,2015-08-06,21060
react,2015-08-07,17506
react,2015-08-08,6521
react,2015-08-09,5243
react,2015-08-10,17854
react,2015-08-11,21239
react,2015-08-12,19636
react,2015-08-13,18580
react,2015-08-14,18644
react,2015-08-15,5572
react,2015-08-16,4906
react,2015-08-17,17941
react,2015-08-18,20387
react,2015-08-19,19737
react,2015-08-20,19515
react,2015-08-21,17689
react,2015-08-22,7426
react,2015-08-23,4524
react,2015-08-24,17750
react,2015-08-25,18128
react,2015-08-26,19043
react,2015-08-27,18156
react,2015-08-28,19690
react,2015-08-29,5806
react,2015-08-30,4742
react,2015-08-31,18926
react,2015-09-01,21251
react,2015-09-02,20807
react,2015-09-03,20447
react,2015-09-04,17223
react,2015-09-05,8104
react,2015-09-06,5922
react,2015-09-07,15870
react,2015-09-08,19798
react,2015-09-09,24324
react,2015-09-10,26195
react,2015-09-11,20057
react,2015-09-12,6182
react,2015-09-13,5272
react,2015-09-14,20224
react,2015-09-15,24577
react,2015-09-16,23085
react,2015-09-17,21566
react,2015-09-18,21888
react,2015-09-19,7432
react,2015-09-20,5318
react,2015-09-21,20160
react,2015-09-22,21674
react,2015-09-23,23700
react,2015-09-24,22638
react,2015-09-25,20746
react,2015-09-26,5342
react,2015-09-27,4453
react,2015-09-28,19226
react,2015-09-29,21953
react,2015-09-30,21824
react,2015-10-01,20881
react,2015-10-02,17995
react,2015-10-03,4653
react,2015-10-04,4062
react,2015-10-05,20471
react,2015-10-06,22653
react,2015-10-07,24607
react,2015-10-08,26816
react,2015-10-09,24966
react,2015-10-10,10740
react,2015-10-11,5905
react,2015-10-12,24622
react,2015-10-13,28210
react,2015-10-14,24917
react,2015-10-15,25343
react,2015-10-16,26013
react,2015-10-17,6124
react,2015-10-18,5509
react,2015-10-19,25231
react,2015-10-20,26587
react,2015-10-21,25671
react,2015-10-22,25830
react,2015-10-23,25254
react,2015-10-24,7704
react,2015-10-25,5600
react,2015-10-26,27354
react,2015-10-27,30877
react,2015-10-28,32295
react,2015-10-29,34136
react,2015-10-30,26306
react,2015-10-31,7752
react,2015-11-01,4750
react,2015-11-02,31618
react,2015-11-03,34035
react,2015-11-04,33671
react,2015-11-05,34341
react,2015-11-06,29888
react,2015-11-07,9640
react,2015-11-08,10414
react,2015-11-09,32735
react,2015-11-10,34256
react,2015-11-11,33748
react,2015-11-12,34693
react,2015-11-13,28763
react,2015-11-14,12399
react,2015-11-15,7687
react,2015-11-16,32965
react,2015-11-17,35310
react,2015-11-18,35926
react,2015-11-19,45507
react,2015-11-20,36135
react,2015-11-21,10636
react,2015-11-22,12280
react,2015-11-23,34574
react,2015-11-24,38750
react,2015-11-25,36213
react,2015-11-26,24869
react,2015-11-27,27634
react,2015-11-28,9570
react,2015-11-29,8672
react,2015-11-30,35184
react,2015-12-01,37603
react,2015-12-02,37333
react,2015-12-03,41049
react,2015-12-04,35810
react,2015-12-05,12694
react,2015-12-06,12665
react,2015-12-07,35230
react,2015-12-08,41431
react,2015-12-09,40538
react,2015-12-10,40104
react,2015-12-11,36081
react,2015-12-12,15668
react,2015-12-13,8439
react,2015-12-14,41263
react,2015-12-15,43175
react,2015-12-16,44507
react,2015-12-17,36123
react,2015-12-18,36548
react,2015-12-19,8833
react,2015-12-20,8227
react,2015-12-21,28883
react,2015-12-22,32995
react,2015-12-23,26313
react,2015-12-24,13649
react,2015-12-25,7823
react,2015-12-26,6137
react,2015-12-27,6301
react,2015-12-28,22155
react,2015-12-29,25299
react,2015-12-30,30137
react,2015-12-31,15448
react,2016-01-01,6452
react,2016-01-02,7649
react,2016-01-03,11263
react,2016-01-04,37553
react,2016-01-05,40802
react,2016-01-06,45798
react,2016-01-07,52361
react,2016-01-08,42816
react,2016-01-09,14402
react,2016-01-10,11304
react,2016-01-11,44392
react,2016-01-12,51249
react,2016-01-13,51408
react,2016-01-14,53309
react,2016-01-15,46049
react,2016-01-16,12724
react,2016-01-17,10296
react,2016-01-18,32267
react,2016-01-19,48529
react,2016-01-20,47694
react,2016-01-21,55901
react,2016-01-22,42371
react,2016-01-23,13522
react,2016-01-24,12188
react,2016-01-25,42221
react,2016-01-26,43951
react,2016-01-27,46289
react,2016-01-28,59265
react,2016-01-29,49339
react,2016-01-30,15124
react,2016-01-31,13241
react,2016-02-01,46384
react,2016-02-02,50672
react,2016-02-03,53092
react,2016-02-04,48107
react,2016-02-05,43834
react,2016-02-06,16398
react,2016-02-07,14438
react,2016-02-08,42986
react,2016-02-09,47333
react,2016-02-10,46797
react,2016-02-11,47950
react,2016-02-12,42461
react,2016-02-13,13655
react,2016-02-14,10990
react,2016-02-15,39613
react,2016-02-16,50162
react,2016-02-17,54927
react,2016-02-18,52568
react,2016-02-19,46451
react,2016-02-20,15610
react,2016-02-21,15085
react,2016-02-22,51980
react,2016-02-23,52485
react,2016-02-24,52873
react,2016-02-25,50356
react,2016-02-26,45129
react,2016-02-27,15282
react,2016-02-28,12802
react,2016-02-29,46899
react,2016-03-01,55132
react,2016-03-02,55681
react,2016-03-03,53257
react,2016-03-04,52530
react,2016-03-05,21368
react,2016-03-06,16297
react,2016-03-07,46078
react,2016-03-08,55606
react,2016-03-09,53672
react,2016-03-10,59904
react,2016-03-11,53949
react,2016-03-12,19185
react,2016-03-13,17683
react,2016-03-14,57965
react,2016-03-15,59776
react,2016-03-16,58212
react,2016-03-17,54613
react,2016-03-18,49455
react,2016-03-19,14181
react,2016-03-20,13863
react,2016-03-21,54054
react,2016-03-22,58799
react,2016-03-23,55462
react,2016-03-24,56201
react,2016-03-25,36233
react,2016-03-26,12780
react,2016-03-27,9490
react,2016-03-28,38579
react,2016-03-29,61544
react,2016-03-30,65572
react,2016-03-31,59936
react,2016-04-01,54806
react,2016-04-02,16420
react,2016-04-03,17000
react,2016-04-04,58271
react,2016-04-05,67771
react,2016-04-06,65077
react,2016-04-07,68688
react,2016-04-08,81146
react,2016-04-09,40932
react,2016-04-10,39833
react,2016-04-11,79186
react,2016-04-12,72965
react,2016-04-13,70901
react,2016-04-14,72178
react,2016-04-15,66791
react,2016-04-16,20999
react,2016-04-17,20258
react,2016-04-18,64623
react,2016-04-19,68180
react,2016-04-20,72077
react,2016-04-21,73002
react,2016-04-22,60560
react,2016-04-23,22668
react,2016-04-24,18015
react,2016-04-25,60133
react,2016-04-26,65920
react,2016-04-27,64422
react,2016-04-28,65132
react,2016-04-29,54805
react,2016-04-30,22999
react,2016-05-01,15324
react,2016-05-02,55080
react,2016-05-03,67793
react,2016-05-04,65564
react,2016-05-05,61048
react,2016-05-06,55731
react,2016-05-07,18400
react,2016-05-08,15897
react,2016-05-09,61093
react,2016-05-10,73537
react,2016-05-11,69167
react,2016-05-12,67166
react,2016-05-13,61759
react,2016-05-14,19468
react,2016-05-15,15477
react,2016-05-16,62589
react,2016-05-17,74230
react,2016-05-18,76571
react,2016-05-19,80565
react,2016-05-20,74975
react,2016-05-21,29146
react,2016-05-22,21393
react,2016-05-23,74905
react,2016-05-24,82364
react,2016-05-25,80213
react,2016-05-26,76316
react,2016-05-27,67754
react,2016-05-28,20517
react,2016-05-29,16760
react,2016-05-30,49849
react,2016-05-31,70778
react,2016-06-01,73871
react,2016-06-02,72999
react,2016-06-03,68797
react,2016-06-04,19508
react,2016-06-05,17201
react,2016-06-06,68211
react,2016-06-07,74933
react,2016-06-08,73197
react,2016-06-09,67922
react,2016-06-10,60119
react,2016-06-11,16906
react,2016-06-12,16042
react,2016-06-13,60122
react,2016-06-14,67855
react,2016-06-15,72369
react,2016-06-16,70572
react,2016-06-17,64295
react,2016-06-18,17363
react,2016-06-19,17875
react,2016-06-20,65161
react,2016-06-21,71512
react,2016-06-22,70603
react,2016-06-23,74219
react,2016-06-24,65026
react,2016-06-25,17211
react,2016-06-26,17035
react,2016-06-27,76265
react,2016-06-28,81559
react,2016-06-29,78266
react,2016-06-30,76618
react,2016-07-01,75649
react,2016-07-02,23412
react,2016-07-03,19359
react,2016-07-04,62886
react,2016-07-05,77453
react,2016-07-06,79565
react,2016-07-07,79604
react,2016-07-08,75059
react,2016-07-09,22324
react,2016-07-10,18547
react,2016-07-11,77502
react,2016-07-12,79567
react,2016-07-13,82869
react,2016-07-14,81746
react,2016-07-15,65891
react,2016-07-16,19400
react,2016-07-17,18262
react,2016-07-18,68896
react,2016-07-19,79488
react,2016-07-20,78331
react,2016-07-21,87410
react,2016-07-22,63268
react,2016-07-23,23640
react,2016-07-24,16898
react,2016-07-25,69599
react,2016-07-26,81046
react,2016-07-27,73680
react,2016-07-28,73015
react,2016-07-29,75146
react,2016-07-30,22601
react,2016-07-31,19447
react,2016-08-01,78483
react,2016-08-02,84385
react,2016-08-03,83669
react,2016-08-04,81830
react,2016-08-05,74580
react,2016-08-06,22937
react,2016-08-07,17863
react,2016-08-08,75986
react,2016-08-09,80811
react,2016-08-10,84377
react,2016-08-11,85303
react,2016-08-12,70803
react,2016-08-13,19965
react,2016-08-14,20152
react,2016-08-15,74956
react,2016-08-16,85229
react,2016-08-17,86884
react,2016-08-18,85280
react,2016-08-19,86441
react,2016-08-20,28203
react,2016-08-21,21909
react,2016-08-22,102908
react,2016-08-23,95760
react,2016-08-24,98527
react,2016-08-25,95163
react,2016-08-26,73866
react,2016-08-27,23545
react,2016-08-28,24257
react,2016-08-29,80446
react,2016-08-30,87076
react,2016-08-31,86938
react,2016-09-01,84999
react,2016-09-02,72900
react,2016-09-03,23067
react,2016-09-04,19109
react,2016-09-05,59152
react,2016-09-06,85502
react,2016-09-07,87717
react,2016-09-08,86409
react,2016-09-09,77797
react,2016-09-10,20562
react,2016-09-11,19267
react,2016-09-12,81237
react,2016-09-13,91649
react,2016-09-14,88940
react,2016-09-15,87699
react,2016-09-16,80366
react,2016-09-17,24253
react,2016-09-18,22044
react,2016-09-19,96452
react,2016-09-20,108563
react,2016-09-21,108104
react,2016-09-22,103457
react,2016-09-23,91154
react,2016-09-24,26377
react,2016-09-25,23924
react,2016-09-26,95266
react,2016-09-27,100021
react,2016-09-28,105712
react,2016-09-29,106855
react,2016-09-30,89511
react,2016-10-01,23866
react,2016-10-02,20526
react,2016-10-03,82064
react,2016-10-04,97724
react,2016-10-05,97471
react,2016-10-06,99057
react,2016-10-07,79767
react,2016-10-08,24830
react,2016-10-09,28524
react,2016-10-10,86642
react,2016-10-11,76778
react,2016-10-12,106801
react,2016-10-13,104723
react,2016-10-14,101926
react,2016-10-15,35261
react,2016-10-16,28251
react,2016-10-17,98344
react,2016-10-18,109533
react,2016-10-19,102445
react,2016-10-20,99759
react,2016-10-21,89034
react,2016-10-22,26514
react,2016-10-23,22407
react,2016-10-24,97440
react,2016-10-25,103993
react,2016-10-26,99497
react,2016-10-27,93912
react,2016-10-28,88431
react,2016-10-29,24932
react,2016-10-30,32475
react,2016-10-31,95566
react,2016-11-01,99889
react,2016-11-02,104168
react,2016-11-03,102332
react,2016-11-04,88940
react,2016-11-05,25649
react,2016-11-06,25533
react,2016-11-07,102068
react,2016-11-08,105781
react,2016-11-09,94380
react,2016-11-10,98825
react,2016-11-11,83980
react,2016-11-12,27255
react,2016-11-13,29448
react,2016-11-14,98783
react,2016-11-15,112194
react,2016-11-16,130358
react,2016-11-17,129507
react,2016-11-18,112195
react,2016-11-19,34975
react,2016-11-20,31011
react,2016-11-21,110915
react,2016-11-22,118081
react,2016-11-23,125458
react,2016-11-24,90909
react,2016-11-25,73413
react,2016-11-26,28045
react,2016-11-27,30197
react,2016-11-28,108171
react,2016-11-29,123621
react,2016-11-30,118520
react,2016-12-01,120975
react,2016-12-02,103063
react,2016-12-03,30963
react,2016-12-04,28120
react,2016-12-05,111348
react,2016-12-06,119908
react,2016-12-07,118354
react,2016-12-08,115911
react,2016-12-09,107943
react,2016-12-10,39001
react,2016-12-11,29654
react,2016-12-12,109078
react,2016-12-13,123524
react,2016-12-14,123392
react,2016-12-15,117776
react,2016-12-16,103890
react,2016-12-17,29269
react,2016-12-18,27238
react,2016-12-19,102964
react,2016-12-20,115997
react,2016-12-21,112663
react,2016-12-22,101301
react,2016-12-23,71766
react,2016-12-24,23321
react,2016-12-25,18077
react,2016-12-26,35915
react,2016-12-27,57439
react,2016-12-28,65170
react,2016-12-29,67204
react,2016-12-30,52071
react,2016-12-31,18832
react,2017-01-01,14519
react,2017-01-02,46047
react,2017-01-03,95502
react,2017-01-04,108656
react,2017-01-05,109830
react,2017-01-06,108331
react,2017-01-07,39160
react,2017-01-08,32809
react,2017-01-09,122110
react,2017-01-10,160638
react,2017-01-11,129752
react,2017-01-12,126462
react,2017-01-13,119512
react,2017-01-14,33825
react,2017-01-15,30266
react,2017-01-16,110441
react,2017-01-17,128061
react,2017-01-18,132554
react,2017-01-19,132387
react,2017-01-20,116914
react,2017-01-21,36595
react,2017-01-22,36334
react,2017-01-23,121998
react,2017-01-24,138923
react,2017-01-25,134325
react,2017-01-26,120790
react,2017-01-27,128337
react,2017-01-28,33550
react,2017-01-29,30498
react,2017-01-30,117792
react,2017-01-31,127290
react,2017-02-01,128700
react,2017-02-02,131910
react,2017-02-03,118349
react,2017-02-04,44428
react,2017-02-05,37383
react,2017-02-06,122004
react,2017-02-07,140555
react,2017-02-08,137263
react,2017-02-09,143018
react,2017-02-10,119575
react,2017-02-11,36231
react,2017-02-12,35848
react,2017-02-13,122253
react,2017-02-14,143656
react,2017-02-15,141967
react,2017-02-16,140176
react,2017-02-17,119982
react,2017-02-18,36992
react,2017-02-19,33390
react,2017-02-20,109489
react,2017-02-21,137141
react,2017-02-22,147685
react,2017-02-23,146740
react,2017-02-24,133529
react,2017-02-25,43265
react,2017-02-26,48967
react,2017-02-27,134346
react,2017-02-28,127147
react,2017-03-01,151203
react,2017-03-02,141991
react,2017-03-03,124999
react,2017-03-04,36436
react,2017-03-05,33920
react,2017-03-06,136378
react,2017-03-07,145371
react,2017-03-08,140449
react,2017-03-09,152563
react,2017-03-10,144038
react,2017-03-11,37636
react,2017-03-12,31536
react,2017-03-13,134298
react,2017-03-14,169987
react,2017-03-15,119140
react,2017-03-16,142026
react,2017-03-17,125954
react,2017-03-18,38860
react,2017-03-19,38278
react,2017-03-20,143148
react,2017-03-21,165802
react,2017-03-22,166443
react,2017-03-23,152613
react,2017-03-24,142170
react,2017-03-25,44149
react,2017-03-26,36998
react,2017-03-27,144376
react,2017-03-28,161051
react,2017-03-29,157491
react,2017-03-30,150044
react,2017-03-31,134485
react,2017-04-01,38965
react,2017-04-02,34751
react,2017-04-03,149097
react,2017-04-04,153475
react,2017-04-05,168070
react,2017-04-06,164371
react,2017-04-07,164765
react,2017-04-08,70102
react,2017-04-09,52255
react,2017-04-10,179722
react,2017-04-11,191563
react,2017-04-12,194252
react,2017-04-13,182765
react,2017-04-14,135560
react,2017-04-15,58645
react,2017-04-16,47143
react,2017-04-17,137990
react,2017-04-18,203779
react,2017-04-19,182519
react,2017-04-20,179298
react,2017-04-21,167689
react,2017-04-22,47544
react,2017-04-23,56038
react,2017-04-24,166496
react,2017-04-25,193016
react,2017-04-26,192547
react,2017-04-27,182318
react,2017-04-28,171313
react,2017-04-29,50228
react,2017-04-30,41083
react,2017-05-01,118044
react,2017-05-02,187824
react,2017-05-03,178859
react,2017-05-04,178982
react,2017-05-05,165291
react,2017-05-06,50556
react,2017-05-07,43670
react,2017-05-08,161192
react,2017-05-09,195007
react,2017-05-10,180549
react,2017-05-11,185583
react,2017-05-12,177144
react,2017-05-13,58030
react,2017-05-14,44246
react,2017-05-15,171384
react,2017-05-16,209049
react,2017-05-17,187820
react,2017-05-18,181679
react,2017-05-19,170873
react,2017-05-20,47304
react,2017-05-21,51850
react,2017-05-22,185258
react,2017-05-23,203518
react,2017-05-24,190219
react,2017-05-25,170468
react,2017-05-26,154958
react,2017-05-27,46928
react,2017-05-28,54937
react,2017-05-29,122494
react,2017-05-30,183263
react,2017-05-31,208108
react,2017-06-01,209754
react,2017-06-02,189414
react,2017-06-03,59630
react,2017-06-04,50974
react,2017-06-05,167931
react,2017-06-06,188997
react,2017-06-07,197017
react,2017-06-08,191579
react,2017-06-09,185632
react,2017-06-10,47256
react,2017-06-11,41635
react,2017-06-12,174130
react,2017-06-13,219794
react,2017-06-14,226181
react,2017-06-15,230010
react,2017-06-16,193808
react,2017-06-17,56643
react,2017-06-18,57237
react,2017-06-19,206523
react,2017-06-20,232153
react,2017-06-21,230247
react,2017-06-22,268980
react,2017-06-23,182183
react,2017-06-24,53393
react,2017-06-25,48162
react,2017-06-26,195966
react,2017-06-27,209370
react,2017-06-28,222852
react,2017-06-29,207517
react,2017-06-30,180897
react,2017-07-01,55703
react,2017-07-02,46174
react,2017-07-03,155607
react,2017-07-04,149834
react,2017-07-05,190031
react,2017-07-06,219678
react,2017-07-07,179536
react,2017-07-08,50973
react,2017-07-09,54235
react,2017-07-10,197591
react,2017-07-11,207200
react,2017-07-12,208060
react,2017-07-13,209878
react,2017-07-14,179583
react,2017-07-15,50564
react,2017-07-16,47095
react,2017-07-17,195975
react,2017-07-18,217557
react,2017-07-19,220524
react,2017-07-20,220207
react,2017-07-21,196503
react,2017-07-22,55992
react,2017-07-23,53031
react,2017-07-24,223488
react,2017-07-25,222183
react,2017-07-26,254035
react,2017-07-27,223843
react,2017-07-28,191978
react,2017-07-29,54737
react,2017-07-30,52936
react,2017-07-31,181649
react,2017-08-01,188716
react,2017-08-02,222524
react,2017-08-03,216243
react,2017-08-04,197070
react,2017-08-05,49312
react,2017-08-06,45578
react,2017-08-07,197111
react,2017-08-08,244541
react,2017-08-09,225309
react,2017-08-10,218357
react,2017-08-11,196461
react,2017-08-12,49077
react,2017-08-13,53524
react,2017-08-14,185303
react,2017-08-15,208311
react,2017-08-16,218693
react,2017-08-17,213584
react,2017-08-18,198882
react,2017-08-19,69973
react,2017-08-20,71458
react,2017-08-21,202674
react,2017-08-22,224178
react,2017-08-23,220657
react,2017-08-24,214979
react,2017-08-25,191860
react,2017-08-26,56023
react,2017-08-27,47130
react,2017-08-28,195125
react,2017-08-29,227317
react,2017-08-30,221093
react,2017-08-31,212950
react,2017-09-01,208297
react,2017-09-02,46744
react,2017-09-03,44522
react,2017-09-04,152144
react,2017-09-05,207980
react,2017-09-06,271937
react,2017-09-07,241221
react,2017-09-08,225173
react,2017-09-09,55979
react,2017-09-10,52060
react,2017-09-11,225931
react,2017-09-12,254885
react,2017-09-13,257259
react,2017-09-14,247800
react,2017-09-15,212144
react,2017-09-16,57073
react,2017-09-17,60552
react,2017-09-18,226612
react,2017-09-19,248392
react,2017-09-20,237808
react,2017-09-21,232789
react,2017-09-22,215754
react,2017-09-23,63274
react,2017-09-24,52359
react,2017-09-25,225744
react,2017-09-26,329170
react,2017-09-27,313756
react,2017-09-28,282621
react,2017-09-29,244196
react,2017-09-30,87008
react,2017-10-01,75501
react,2017-10-02,254070
react,2017-10-03,275955
react,2017-10-04,286097
react,2017-10-05,281661
react,2017-10-06,256467
react,2017-10-07,76971
react,2017-10-08,77980
react,2017-10-09,241352
react,2017-10-10,286532
react,2017-10-11,290822
react,2017-10-12,290268
react,2017-10-13,264076
react,2017-10-14,101757
react,2017-10-15,73349
react,2017-10-16,262864
react,2017-10-17,291101
react,2017-10-18,323696
react,2017-10-19,304236
react,2017-10-20,263088
react,2017-10-21,97826
react,2017-10-22,79621
react,2017-10-23,287386
react,2017-10-24,326473
react,2017-10-25,309752
react,2017-10-26,318222
react,2017-10-27,280760
react,2017-10-28,95013
react,2017-10-29,82351
react,2017-10-30,286350
react,2017-10-31,298813
react,2017-11-01,301550
react,2017-11-02,345686
react,2017-11-03,301794
react,2017-11-04,77195
react,2017-11-05,82877
react,2017-11-06,294966
react,2017-11-07,341522
react,2017-11-08,347560
react,2017-11-09,362430
react,2017-11-10,282242
react,2017-11-11,87208
react,2017-11-12,81621
react,2017-11-13,312450
react,2017-11-14,326923
react,2017-11-15,333560
react,2017-11-16,325302
react,2017-11-17,298924
react,2017-11-18,86346
react,2017-11-19,76097
react,2017-11-20,283074
react,2017-11-21,299263
react,2017-11-22,275664
react,2017-11-23,227482
react,2017-11-24,188661
react,2017-11-25,68074
react,2017-11-26,67712
react,2017-11-27,296485
react,2017-11-28,343816
react,2017-11-29,329999
react,2017-11-30,320152
react,2017-12-01,284895
react,2017-12-02,93171
react,2017-12-03,85941
react,2017-12-04,301138
react,2017-12-05,328657
react,2017-12-06,313649
react,2017-12-07,307128
react,2017-12-08,280425
react,2017-12-09,91160
react,2017-12-10,74411
react,2017-12-11,291374
react,2017-12-12,329868
react,2017-12-13,309635
react,2017-12-14,312785
react,2017-12-15,280258
react,2017-12-16,78161
react,2017-12-17,86966
react,2017-12-18,288930
react,2017-12-19,326931
react,2017-12-20,288974
react,2017-12-21,280010
react,2017-12-22,209555
react,2017-12-23,65723
react,2017-12-24,54847
react,2017-12-25,70711
react,2017-12-26,122487
react,2017-12-27,160091
react,2017-12-28,166806
react,2017-12-29,169985
react,2017-12-30,62218
react,2017-12-31,54062
react,2018-01-01,74209
react,2018-01-02,211736
react,2018-01-03,262446
react,2018-01-04,272128
react,2018-01-05,261733
react,2018-01-06,79266
react,2018-01-07,73748
react,2018-01-08,272987
react,2018-01-09,356179
react,2018-01-10,321738
react,2018-01-11,320763
react,2018-01-12,301821
react,2018-01-13,83946
react,2018-01-14,77144
react,2018-01-15,253087
react,2018-01-16,316893
react,2018-01-17,325396
react,2018-01-18,327254
react,2018-01-19,298357
react,2018-01-20,96762
react,2018-01-21,85835
react,2018-01-22,311002
react,2018-01-23,348595
react,2018-01-24,347393
react,2018-01-25,309306
react,2018-01-26,288957
react,2018-01-27,92163
react,2018-01-28,89283
react,2018-01-29,339520
react,2018-01-30,365668
react,2018-01-31,358453
react,2018-02-01,355032
react,2018-02-02,332468
react,2018-02-03,102064
react,2018-02-04,79092
react,2018-02-05,311770
react,2018-02-06,356211
react,2018-02-07,355069
react,2018-02-08,356002
react,2018-02-09,335848
react,2018-02-10,100106
react,2018-02-11,99950
react,2018-02-12,337598
react,2018-02-13,396165
react,2018-02-14,362990
react,2018-02-15,355280
react,2018-02-16,318484
react,2018-02-17,122855
react,2018-02-18,102270
react,2018-02-19,270658
react,2018-02-20,348097
react,2018-02-21,391181
react,2018-02-22,391331
react,2018-02-23,344269
react,2018-02-24,106550
react,2018-02-25,98890
react,2018-02-26,349897
react,2018-02-27,404036
react,2018-02-28,390999
react,2018-03-01,379297
react,2018-03-02,381563
react,2018-03-03,121237
react,2018-03-04,95056
react,2018-03-05,382182
react,2018-03-06,409783
react,2018-03-07,419406
react,2018-03-08,394641
react,2018-03-09,344346
react,2018-03-10,109790
react,2018-03-11,96536
react,2018-03-12,379633
react,2018-03-13,406609
react,2018-03-14,458664
react,2018-03-15,401478
react,2018-03-16,397963
react,2018-03-17,102235
react,2018-03-18,96674
react,2018-03-19,435220
react,2018-03-20,424659
react,2018-03-21,418531
react,2018-03-22,429079
react,2018-03-23,376627
react,2018-03-24,104746
react,2018-03-25,95607
react,2018-03-26,404966
react,2018-03-27,420055
react,2018-03-28,440035
react,2018-03-29,414838
react,2018-03-30,295484
react,2018-03-31,103834
react,2018-04-01,88532
react,2018-04-02,311219
react,2018-04-03,441395
react,2018-04-04,476413
react,2018-04-05,433108
react,2018-04-06,378371
react,2018-04-07,105945
react,2018-04-08,100024
react,2018-04-09,415620
react,2018-04-10,461011
react,2018-04-11,450657
react,2018-04-12,411015
react,2018-04-13,408215
react,2018-04-14,105038
react,2018-04-15,100372
react,2018-04-16,451193
react,2018-04-17,476510
react,2018-04-18,465173
react,2018-04-19,456570
react,2018-04-20,411578
react,2018-04-21,103256
react,2018-04-22,90857
react,2018-04-23,435171
react,2018-04-24,459287
react,2018-04-25,406957
react,2018-04-26,417072
react,2018-04-27,375874
react,2018-04-28,104550
react,2018-04-29,87446
react,2018-04-30,374389
react,2018-05-01,345056
react,2018-05-02,446508
react,2018-05-03,445960
react,2018-05-04,401646
react,2018-05-05,100139
react,2018-05-06,92322
react,2018-05-07,404196
react,2018-05-08,450999
react,2018-05-09,453872
react,2018-05-10,412381
react,2018-05-11,405835
react,2018-05-12,97191
react,2018-05-13,88874
react,2018-05-14,443013
react,2018-05-15,491948
react,2018-05-16,475655
react,2018-05-17,468168
react,2018-05-18,425263
react,2018-05-19,100767
react,2018-05-20,84616
react,2018-05-21,392669
react,2018-05-22,482459
react,2018-05-23,484077
react,2018-05-24,501247
react,2018-05-25,406135
react,2018-05-26,42244
react,2018-05-27,44944
react,2018-05-28,109251
react,2018-05-29,275306
react,2018-05-30,461299
react,2018-05-31,468251
react,2018-06-01,433615
react,2018-06-02,110120
react,2018-06-03,97017
react,2018-06-04,459212
react,2018-06-05,508322
react,2018-06-06,490025
react,2018-06-07,488682
react,2018-06-08,439200
react,2018-06-09,106995
react,2018-06-10,94729
react,2018-06-11,452186
react,2018-06-12,503466
react,2018-06-13,545427
react,2018-06-14,521505
react,2018-06-15,441946
react,2018-06-16,103195
react,2018-06-17,97249
react,2018-06-18,478455
react,2018-06-19,533620
react,2018-06-20,524968
react,2018-06-21,523449
react,2018-06-22,452909
react,2018-06-23,108058
react,2018-06-24,96603
react,2018-06-25,480685
react,2018-06-26,524261
react,2018-06-27,510901
react,2018-06-28,509895
react,2018-06-29,449673
react,2018-06-30,100787
react,2018-07-01,94998
react,2018-07-02,460266
react,2018-07-03,496722
react,2018-07-04,344124
react,2018-07-05,421104
react,2018-07-06,425892
react,2018-07-07,99872
react,2018-07-08,92261
react,2018-07-09,474757
react,2018-07-10,507400
react,2018-07-11,520134
react,2018-07-12,540324
react,2018-07-13,457493
react,2018-07-14,110470
react,2018-07-15,98082
react,2018-07-16,472897
react,2018-07-17,535424
react,2018-07-18,513252
react,2018-07-19,472454
react,2018-07-20,442100
react,2018-07-21,109458
react,2018-07-22,99183
react,2018-07-23,491492
react,2018-07-24,528090
react,2018-07-25,515548
react,2018-07-26,513777
react,2018-07-27,456434
react,2018-07-28,106427
react,2018-07-29,99782
react,2018-07-30,504477
react,2018-07-31,551733
react,2018-08-01,552881
react,2018-08-02,551765
react,2018-08-03,469446
react,2018-08-04,146810
react,2018-08-05,112252
react,2018-08-06,473400
react,2018-08-07,544710
react,2018-08-08,533394
react,2018-08-09,523897
react,2018-08-10,469696
react,2018-08-11,129039
react,2018-08-12,106983
react,2018-08-13,492968
react,2018-08-14,489269
react,2018-08-15,474206
react,2018-08-16,513348
react,2018-08-17,466856
react,2018-08-18,115610
react,2018-08-19,108028
react,2018-08-20,511181
react,2018-08-21,530296
react,2018-08-22,519224
react,2018-08-23,520129
react,2018-08-24,447429
react,2018-08-25,123643
react,2018-08-26,109772
react,2018-08-27,472550
react,2018-08-28,543285
react,2018-08-29,494938
react,2018-08-30,588210
react,2018-08-31,457572
react,2018-09-01,102204
react,2018-09-02,102271
react,2018-09-03,364727
react,2018-09-04,500707
react,2018-09-05,547558
react,2018-09-06,551974
react,2018-09-07,506104
react,2018-09-08,130705
react,2018-09-09,128103
react,2018-09-10,538255
react,2018-09-11,596391
react,2018-09-12,594591
react,2018-09-13,595522
react,2018-09-14,536066
react,2018-09-15,147342
react,2018-09-16,131568
react,2018-09-17,582990
react,2018-09-18,616059
react,2018-09-19,638232
react,2018-09-20,623063
react,2018-09-21,544364
react,2018-09-22,138974
react,2018-09-23,129958
react,2018-09-24,547296
react,2018-09-25,602405
react,2018-09-26,701756
react,2018-09-27,664296
react,2018-09-28,575698
react,2018-09-29,142630
react,2018-09-30,141103
react,2018-10-01,615364
react,2018-10-02,730302
react,2018-10-03,657895
react,2018-10-04,653116
react,2018-10-05,619749
react,2018-10-06,142030
react,2018-10-07,136108
react,2018-10-08,598060
react,2018-10-09,677770
react,2018-10-10,707059
react,2018-10-11,670737
react,2018-10-12,606709
react,2018-10-13,146417
react,2018-10-14,143005
react,2018-10-15,659387
react,2018-10-16,702112
react,2018-10-17,722892
react,2018-10-18,700836
react,2018-10-19,603765
react,2018-10-20,138264
react,2018-10-21,136880
react,2018-10-22,561800
react,2018-10-23,770856
react,2018-10-24,780044
react,2018-10-25,713722
react,2018-10-26,643929
react,2018-10-27,170907
react,2018-10-28,161459
react,2018-10-29,675070
react,2018-10-30,716815
react,2018-10-31,623254
react,2018-11-01,575700
react,2018-11-02,587320
react,2018-11-03,188913
react,2018-11-04,160311
react,2018-11-05,635924
react,2018-11-06,677023
react,2018-11-07,724918
react,2018-11-08,707657
react,2018-11-09,635573
react,2018-11-10,168292
react,2018-11-11,153512
react,2018-11-12,644119
react,2018-11-13,810165
react,2018-11-14,694394
react,2018-11-15,645442
react,2018-11-16,601871
react,2018-11-17,167998
react,2018-11-18,153696
react,2018-11-19,649065
react,2018-11-20,665698
react,2018-11-21,668545
react,2018-11-22,572679
react,2018-11-23,441584
react,2018-11-24,144501
react,2018-11-25,154660
react,2018-11-26,653654
react,2018-11-27,744301
react,2018-11-28,737329
react,2018-11-29,742768
react,2018-11-30,651342
react,2018-12-01,172931
react,2018-12-02,157880
react,2018-12-03,738143
react,2018-12-04,816164
react,2018-12-05,771034
react,2018-12-06,715802
react,2018-12-07,641105
react,2018-12-08,166426
react,2018-12-09,165566
react,2018-12-10,677723
react,2018-12-11,716971
react,2018-12-12,698253
react,2018-12-13,693628
react,2018-12-14,615026
react,2018-12-15,156977
react,2018-12-16,147757
react,2018-12-17,629080
react,2018-12-18,701143
react,2018-12-19,677769
react,2018-12-20,730674
react,2018-12-21,604029
react,2018-12-22,155201
react,2018-12-23,131902
react,2018-12-24,240492
react,2018-12-25,170145
react,2018-12-26,304312
react,2018-12-27,399011
react,2018-12-28,350006
react,2018-12-29,150378
react,2018-12-30,126192
react,2018-12-31,217976
react,2019-01-01,121243
react,2019-01-02,527492
react,2019-01-03,603887
react,2019-01-04,587390
react,2019-01-05,180223
react,2019-01-06,155986
react,2019-01-07,616359
react,2019-01-08,715741
react,2019-01-09,807029
react,2019-01-10,874950
react,2019-01-11,833431
react,2019-01-12,236988
react,2019-01-13,217936
react,2019-01-14,875356
react,2019-01-15,933106
react,2019-01-16,963688
react,2019-01-17,961467
react,2019-01-18,865697
react,2019-01-19,239757
react,2019-01-20,220378
react,2019-01-21,771373
react,2019-01-22,942531
react,2019-01-23,968865
react,2019-01-24,944525
react,2019-01-25,867284
react,2019-01-26,247211
react,2019-01-27,224200
react,2019-01-28,903708
react,2019-01-29,1006710
react,2019-01-30,989135
react,2019-01-31,984861
react,2019-02-01,895769
react,2019-02-02,252071
react,2019-02-03,240895
react,2019-02-04,858463
react,2019-02-05,984187
react,2019-02-06,1087271
react,2019-02-07,1016983
react,2019-02-08,920339
react,2019-02-09,269543
react,2019-02-10,246073
react,2019-02-11,970559
react,2019-02-12,1033646
react,2019-02-13,1094406
react,2019-02-14,1136863
react,2019-02-15,968734
react,2019-02-16,273076
react,2019-02-17,246277
react,2019-02-18,831666
react,2019-02-19,1003837
react,2019-02-20,1094796
react,2019-02-21,1121637
react,2019-02-22,991719
react,2019-02-23,293219
react,2019-02-24,253080
react,2019-02-25,1043788
react,2019-02-26,1199423
react,2019-02-27,1152882
react,2019-02-28,1136548
react,2019-03-01,1052936
react,2019-03-02,281508
react,2019-03-03,257921
react,2019-03-04,1013819
react,2019-03-05,1223138
react,2019-03-06,1193764
react,2019-03-07,1220413
react,2019-03-08,1052246
react,2019-03-09,301990
react,2019-03-10,270197
react,2019-03-11,1121553
react,2019-03-12,1175832
react,2019-03-13,1170610
react,2019-03-14,1149105
react,2019-03-15,1065012
react,2019-03-16,287569
react,2019-03-17,276540
react,2019-03-18,589290
react,2019-03-19,1181771
react,2019-03-20,1087918
react,2019-03-21,1119309
react,2019-03-22,1099551
react,2019-03-23,257265
react,2019-03-24,258765
react,2019-03-25,1028650
react,2019-03-26,1089913
react,2019-03-27,1053653
react,2019-03-28,1082539
react,2019-03-29,933869
react,2019-03-30,268324
react,2019-03-31,226814
react,2019-04-01,978701
react,2019-04-02,1038572
react,2019-04-03,1042633
react,2019-04-04,995079
react,2019-04-05,880271
react,2019-04-06,221046
react,2019-04-07,214087
react,2019-04-08,966102
react,2019-04-09,1013749
react,2019-04-10,961788
react,2019-04-11,949730
react,2019-04-12,832054
react,2019-04-13,211057
react,2019-04-14,197372
react,2019-04-15,882585
react,2019-04-16,950613
react,2019-04-17,916162
react,2019-04-18,860410
react,2019-04-19,620611
react,2019-04-20,182185
react,2019-04-21,168600
react,2019-04-22,614834
react,2019-04-23,930937
react,2019-04-24,945357
react,2019-04-25,901338
react,2019-04-26,831019
react,2019-04-27,204906
react,2019-04-28,212855
react,2019-04-29,863713
react,2019-04-30,896352
react,2019-05-01,711437
react,2019-05-02,929974
react,2019-05-03,873403
react,2019-05-04,237699
react,2019-05-05,236951
react,2019-05-06,923083
react,2019-05-07,1069015
react,2019-05-08,1019403
react,2019-05-09,1028044
react,2019-05-10,911750
react,2019-05-11,310605
react,2019-05-12,212230
react,2019-05-13,982998
react,2019-05-14,1083610
react,2019-05-15,1044400
react,2019-05-16,1061394
react,2019-05-17,916073
react,2019-05-18,220854
react,2019-05-19,215930
react,2019-05-20,950532
react,2019-05-21,1037876
react,2019-05-22,1024710
react,2019-05-23,980648
react,2019-05-24,827812
react,2019-05-25,192557
react,2019-05-26,191305
react,2019-05-27,669301
react,2019-05-28,908971
react,2019-05-29,957301
react,2019-05-30,833534
react,2019-05-31,807242
react,2019-06-01,188855
react,2019-06-02,185927
react,2019-06-03,896688
react,2019-06-04,960849
react,2019-06-05,937454
react,2019-06-06,941036
react,2019-06-07,821820
react,2019-06-08,191347
react,2019-06-09,178612
react,2019-06-10,817576
react,2019-06-11,993864
react,2019-06-12,974002
react,2019-06-13,970197
react,2019-06-14,844098
react,2019-06-15,193501
react,2019-06-16,189460
react,2019-06-17,921762
react,2019-06-18,1009785
react,2019-06-19,972713
react,2019-06-20,904903
react,2019-06-21,816193
react,2019-06-22,198678
react,2019-06-23,198901
react,2019-06-24,924168
react,2019-06-25,1005945
react,2019-06-26,968378
react,2019-06-27,934851
react,2019-06-28,801445
react,2019-06-29,187447
react,2019-06-30,186500
react,2019-07-01,897382
react,2019-07-02,965721
react,2019-07-03,962685
react,2019-07-04,749302
react,2019-07-05,686499
react,2019-07-06,179561
react,2019-07-07,185016
react,2019-07-08,929841
react,2019-07-09,992946
react,2019-07-10,988825
react,2019-07-11,1087796
react,2019-07-12,870515
react,2019-07-13,203559
react,2019-07-14,198080
react,2019-07-15,907367
react,2019-07-16,994161
react,2019-07-17,969883
react,2019-07-18,957334
react,2019-07-19,831746
react,2019-07-20,200080
react,2019-07-21,190325
react,2019-07-22,915420
react,2019-07-23,984661
react,2019-07-24,960341
react,2019-07-25,947177
react,2019-07-26,824681
react,2019-07-27,191424
react,2019-07-28,192956
react,2019-07-29,932594
react,2019-07-30,857150
react,2019-07-31,1030684
react,2019-08-01,1006589
react,2019-08-02,864343
react,2019-08-03,194614
react,2019-08-04,190835
react,2019-08-05,903438
react,2019-08-06,992114
react,2019-08-07,1007403
react,2019-08-08,994329
react,2019-08-09,979687
react,2019-08-10,230326
react,2019-08-11,214921
react,2019-08-12,959622
react,2019-08-13,1055492
react,2019-08-14,1023894
react,2019-08-15,891376
react,2019-08-16,877914
react,2019-08-17,222742
react,2019-08-18,218265
react,2019-08-19,1002770
react,2019-08-20,1060949
react,2019-08-21,1073532
react,2019-08-22,1051473
react,2019-08-23,925604
react,2019-08-24,222394
react,2019-08-25,219051
react,2019-08-26,973073
react,2019-08-27,1089152
react,2019-08-28,1160951
react,2019-08-29,1161634
react,2019-08-30,901373
react,2019-08-31,212907
react,2019-09-01,216328
react,2019-09-02,724795
react,2019-09-03,1026102
react,2019-09-04,1089904
react,2019-09-05,1078312
react,2019-09-06,958797
react,2019-09-07,228536
react,2019-09-08,233793
react,2019-09-09,1074405
react,2019-09-10,1107037
react,2019-09-11,1083462
react,2019-09-12,1045663
react,2019-09-13,907900
react,2019-09-14,217422
react,2019-09-15,217051
react,2019-09-16,1011224
react,2019-09-17,1089299
react,2019-09-18,1079718
react,2019-09-19,1048699
react,2019-09-20,936051
react,2019-09-21,221227
react,2019-09-22,229330
react,2019-09-23,1012019
react,2019-09-24,1102053
react,2019-09-25,1107050
react,2019-09-26,1065242
react,2019-09-27,963325
react,2019-09-28,276181
react,2019-09-29,259119
react,2019-09-30,1099534
react,2019-10-01,1164068
react,2019-10-02,1128787
react,2019-10-03,1098343
react,2019-10-04,1022002
react,2019-10-05,254740
react,2019-10-06,242023
react,2019-10-07,1095536
react,2019-10-08,1142051
react,2019-10-09,1154834
react,2019-10-10,1108183
react,2019-10-11,1013700
react,2019-10-12,250838
react,2019-10-13,222159
react,2019-10-14,996279
react,2019-10-15,1124489
react,2019-10-16,1163143
react,2019-10-17,1134607
react,2019-10-18,1004794
react,2019-10-19,244291
react,2019-10-20,224313
react,2019-10-21,1089805
react,2019-10-22,1184044
react,2019-10-23,1235278
react,2019-10-24,1188811
react,2019-10-25,1056729
react,2019-10-26,251814
react,2019-10-27,248434
react,2019-10-28,1096050
react,2019-10-29,1187342
react,2019-10-30,1195061
react,2019-10-31,1113779
react,2019-11-01,891311
react,2019-11-02,260005
react,2019-11-03,251316
react,2019-11-04,1121079
react,2019-11-05,1277156
react,2019-11-06,1311582
react,2019-11-07,1265099
react,2019-11-08,1093549
react,2019-11-09,287184
react,2019-11-10,252933
react,2019-11-11,1078768
react,2019-11-12,1211831
react,2019-11-13,1221462
react,2019-11-14,1194164
react,2019-11-15,1115721
react,2019-11-16,288903
react,2019-11-17,268312
react,2019-11-18,1187190
react,2019-11-19,1279318
react,2019-11-20,1240621
react,2019-11-21,1237751
react,2019-11-22,1102018
react,2019-11-23,291476
react,2019-11-24,262553
react,2019-11-25,1194662
react,2019-11-26,1220734
react,2019-11-27,1119119
react,2019-11-28,891759
react,2019-11-29,747166
react,2019-11-30,235160
react,2019-12-01,258456
react,2019-12-02,1150299
react,2019-12-03,1247503
react,2019-12-04,1210524
react,2019-12-05,1188205
react,2019-12-06,1034610
react,2019-12-07,258112
react,2019-12-08,251447
react,2019-12-09,1175281
react,2019-12-10,1250639
react,2019-12-11,1209103
react,2019-12-12,1194142
react,2019-12-13,1025922
react,2019-12-14,257954
react,2019-12-15,237959
react,2019-12-16,1152351
react,2019-12-17,1224319
react,2019-12-18,1174029
react,2019-12-19,1158045
react,2019-12-20,983119
react,2019-12-21,245629
react,2019-12-22,223740
react,2019-12-23,767937
react,2019-12-24,491021
react,2019-12-25,275260
react,2019-12-26,484472
react,2019-12-27,527233
react,2019-12-28,215635
react,2019-12-29,217062
react,2019-12-30,614767
react,2019-12-31,442772
react,2020-01-01,204396
react,2020-01-02,761045
react,2020-01-03,793086
react,2020-01-04,225175
react,2020-01-05,223186
react,2020-01-06,965519
react,2020-01-07,1107481
react,2020-01-08,1132540
react,2020-01-09,1187979
react,2020-01-10,1062333
react,2020-01-11,265155
react,2020-01-12,262258
react,2020-01-13,1170775
react,2020-01-14,1260831
react,2020-01-15,1214362
react,2020-01-16,1221559
react,2020-01-17,1089752
react,2020-01-18,263968
react,2020-01-19,264608
react,2020-01-20,1017661
react,2020-01-21,1215443
react,2020-01-22,1230739
react,2020-01-23,1202778
react,2020-01-24,1068700
react,2020-01-25,258221
react,2020-01-26,244391
react,2020-01-27,1123289
react,2020-01-28,1212568
react,2020-01-29,1202620
react,2020-01-30,1205525
react,2020-01-31,1068055
react,2020-02-01,280694
react,2020-02-02,271811
react,2020-02-03,1171692
react,2020-02-04,1257533
react,2020-02-05,1241716
react,2020-02-06,1221892
react,2020-02-07,1109334
react,2020-02-08,268767
react,2020-02-09,267042
react,2020-02-10,1173133
react,2020-02-11,1269692
react,2020-02-12,1317789
react,2020-02-13,1328469
react,2020-02-14,1206381
react,2020-02-15,288723
react,2020-02-16,272447
react,2020-02-17,1048498
react,2020-02-18,1310325
react,2020-02-19,1365215
react,2020-02-20,1375610
react,2020-02-21,1209414
react,2020-02-22,297864
react,2020-02-23,271469
react,2020-02-24,1210745
react,2020-02-25,1355873
react,2020-02-26,1402217
react,2020-02-27,1448494
react,2020-02-28,1305372
react,2020-02-29,336492
react,2020-03-01,320861
react,2020-03-02,1365478
react,2020-03-03,1443470
react,2020-03-04,1434461
react,2020-03-05,1463888
react,2020-03-06,1301946
react,2020-03-07,319988
react,2020-03-08,291628
react,2020-03-09,1326051
react,2020-03-10,1423424
react,2020-03-11,1408171
react,2020-03-12,1372807
react,2020-03-13,1249087
react,2020-03-14,398462
react,2020-03-15,365158
react,2020-03-16,1342915
react,2020-03-17,1445005
react,2020-03-18,1438426
react,2020-03-19,1459295
react,2020-03-20,1386583
react,2020-03-21,395098
react,2020-03-22,401021
react,2020-03-23,1497294
react,2020-03-24,1506503
react,2020-03-25,1495036
react,2020-03-26,1544553
react,2020-03-27,1370941
react,2020-03-28,396253
react,2020-03-29,392876
react,2020-03-30,1483452
react,2020-03-31,1594740
react,2020-04-01,1536637
react,2020-04-02,1539398
react,2020-04-03,1481771
react,2020-04-04,445772
react,2020-04-05,421673
react,2020-04-06,1484330
react,2020-04-07,1569275
react,2020-04-08,1546630
react,2020-04-09,1515232
react,2020-04-10,1196894
react,2020-04-11,650045
react,2020-04-12,450658
react,2020-04-13,1169806
react,2020-04-14,1556414
react,2020-04-15,1193967
react,2020-04-16,1554788
react,2020-04-17,1421136
react,2020-04-18,400921
react,2020-04-19,385574
react,2020-04-20,1469637
react,2020-04-21,1543600
react,2020-04-22,1653251
react,2020-04-23,1528125
react,2020-04-24,1398060
react,2020-04-25,376759
react,2020-04-26,407157
react,2020-04-27,1456563
react,2020-04-28,1572104
react,2020-04-29,1532258
react,2020-04-30,1525724
react,2020-05-01,1051287
react,2020-05-02,378488
react,2020-05-03,373156
react,2020-05-04,1398617
react,2020-05-05,1502883
react,2020-05-06,1531370
react,2020-05-07,1559283
react,2020-05-08,1272672
react,2020-05-09,389938
react,2020-05-10,353490
react,2020-05-11,1468008
react,2020-05-12,1569573
react,2020-05-13,1567476
react,2020-05-14,1552133
react,2020-05-15,1407237
react,2020-05-16,388921
react,2020-05-17,379886
react,2020-05-18,1454434
react,2020-05-19,1603502
react,2020-05-20,1585109
react,2020-05-21,1391806
react,2020-05-22,1263760
react,2020-05-23,362275
react,2020-05-24,348219
react,2020-05-25,1025917
react,2020-05-26,1403407
react,2020-05-27,1486825
react,2020-05-28,1481108
react,2020-05-29,1317774
react,2020-05-30,357784
react,2020-05-31,344968
react,2020-06-01,1247092
react,2020-06-02,1473120
react,2020-06-03,1473052
react,2020-06-04,1503577
react,2020-06-05,1333028
react,2020-06-06,401000
react,2020-06-07,420752
react,2020-06-08,1403844
react,2020-06-09,1507425
react,2020-06-10,1463965
react,2020-06-11,1421647
react,2020-06-12,1247018
react,2020-06-13,332019
react,2020-06-14,341257
react,2020-06-15,1409262
react,2020-06-16,1517803
react,2020-06-17,1502177
react,2020-06-18,1474063
react,2020-06-19,1181251
react,2020-06-20,321038
react,2020-06-21,339865
react,2020-06-22,0
react,2020-06-23,1503083
react,2020-06-24,1477735
react,2020-06-25,1439390
react,2020-06-26,1256352
react,2020-06-27,329815
react,2020-06-28,350634
react,2020-06-29,1354075
react,2020-06-30,1499597
react,2020-07-01,1427189
react,2020-07-02,1390826
react,2020-07-03,988811
react,2020-07-04,290479
react,2020-07-05,330200
react,2020-07-06,1330867
react,2020-07-07,1455306
react,2020-07-08,1445513
react,2020-07-09,1412062
react,2020-07-10,1238672
react,2020-07-11,313226
react,2020-07-12,316273
react,2020-07-13,1303631
react,2020-07-14,1397660
react,2020-07-15,1397104
react,2020-07-16,1441281
react,2020-07-17,1244066
react,2020-07-18,367808
react,2020-07-19,356257
react,2020-07-20,1360658
react,2020-07-21,1471305
react,2020-07-22,1446021
react,2020-07-23,1415609
react,2020-07-24,1265791
react,2020-07-25,329517
react,2020-07-26,325303
react,2020-07-27,1415132
react,2020-07-28,1509066
react,2020-07-29,1643197
react,2020-07-30,1539540
react,2020-07-31,1315452
react,2020-08-01,433695
react,2020-08-02,343498
react,2020-08-03,1324981
react,2020-08-04,1488383
react,2020-08-05,1493472
react,2020-08-06,1476425
react,2020-08-07,1322624
react,2020-08-08,340918
react,2020-08-09,316055
react,2020-08-10,1350390
react,2020-08-11,1474627
react,2020-08-12,1498812
react,2020-08-13,1469900
react,2020-08-14,1259618
react,2020-08-15,340046
react,2020-08-16,324428
react,2020-08-17,1350112
react,2020-08-18,1476026
react,2020-08-19,1465565
react,2020-08-20,1455398
react,2020-08-21,1306458
react,2020-08-22,356385
react,2020-08-23,330894
react,2020-08-24,1393374
react,2020-08-25,1518610
react,2020-08-26,1510619
react,2020-08-27,1487435
react,2020-08-28,1314682
react,2020-08-29,352398
react,2020-08-30,323639
react,2020-08-31,1355670
react,2020-09-01,1532617
react,2020-09-02,1536934
react,2020-09-03,1521550
react,2020-09-04,1371198
react,2020-09-05,355161
react,2020-09-06,338543
react,2020-09-07,1068801
react,2020-09-08,1071968
react,2020-09-09,1561871
react,2020-09-10,1568795
react,2020-09-11,1409387
react,2020-09-12,407218
react,2020-09-13,354408
react,2020-09-14,1494524
react,2020-09-15,1565486
react,2020-09-16,1554414
react,2020-09-17,1565710
react,2020-09-18,1406758
react,2020-09-19,356000
react,2020-09-20,324113
react,2020-09-21,1461885
react,2020-09-22,1558455
react,2020-09-23,1574038
react,2020-09-24,1594988
react,2020-09-25,1376432
react,2020-09-26,364788
react,2020-09-27,334477
react,2020-09-28,1468296
react,2020-09-29,1631285
react,2020-09-30,1560130
react,2020-10-01,1540435
react,2020-10-02,1322150
react,2020-10-03,369381
react,2020-10-04,347715
react,2020-10-05,1420475
react,2020-10-06,1600971
react,2020-10-07,1595912
react,2020-10-08,1553131
react,2020-10-09,1359417
react,2020-10-10,377444
react,2020-10-11,382682
react,2020-10-12,1388098
react,2020-10-13,1554253
react,2020-10-14,1590563
react,2020-10-15,1693628
react,2020-10-16,1487689
react,2020-10-17,420589
react,2020-10-18,422036
react,2020-10-19,1608536
react,2020-10-20,1783561
react,2020-10-21,1753653
react,2020-10-22,1726437
react,2020-10-23,1506365
react,2020-10-24,437403
react,2020-10-25,410909
react,2020-10-26,1623758
react,2020-10-27,1817657
react,2020-10-28,1718457
react,2020-10-29,1692597
react,2020-10-30,1548186
react,2020-10-31,417743
react,2020-11-01,433420
react,2020-11-02,1593676
react,2020-11-03,1646816
react,2020-11-04,1614664
react,2020-11-05,1681381
react,2020-11-06,1494862
react,2020-11-07,404788
react,2020-11-08,391683
react,2020-11-09,1649833
react,2020-11-10,1734582
react,2020-11-11,1604520
react,2020-11-12,1710042
react,2020-11-13,1484768
react,2020-11-14,393874
react,2020-11-15,386445
react,2020-11-16,1576800
react,2020-11-17,1748254
react,2020-11-18,1743646
react,2020-11-19,1750471
react,2020-11-20,1601198
react,2020-11-21,440380
react,2020-11-22,401566
react,2020-11-23,1630405
react,2020-11-24,1727040
react,2020-11-25,1580250
react,2020-11-26,1331144
react,2020-11-27,1125338
react,2020-11-28,356869
react,2020-11-29,386240
react,2020-11-30,1600282
react,2020-12-01,1726795
react,2020-12-02,1728432
react,2020-12-03,1685236
react,2020-12-04,1521131
react,2020-12-05,405696
react,2020-12-06,386096
react,2020-12-07,1623055
react,2020-12-08,1691582
react,2020-12-09,1761763
react,2020-12-10,1742145
react,2020-12-11,1589781
react,2020-12-12,462041
react,2020-12-13,426673
react,2020-12-14,1662244
react,2020-12-15,1753440
react,2020-12-16,1695888
react,2020-12-17,1649623
react,2020-12-18,1460836
react,2020-12-19,385986
react,2020-12-20,357480
react,2020-12-21,1358601
react,2020-12-22,1391022
react,2020-12-23,1201267
react,2020-12-24,714048
react,2020-12-25,383676
react,2020-12-26,249324
react,2020-12-27,301584
react,2020-12-28,869566
react,2020-12-29,915764
react,2020-12-30,868682
react,2020-12-31,605091
react,2021-01-01,339317
react,2021-01-02,285937
react,2021-01-03,335631
react,2021-01-04,1381047
react,2021-01-05,1592260
react,2021-01-06,1485426
react,2021-01-07,1502690
react,2021-01-08,1424147
react,2021-01-09,396051
react,2021-01-10,386752
react,2021-01-11,1605106
react,2021-01-12,1743920
react,2021-01-13,1716238
react,2021-01-14,1702865
react,2021-01-15,1545663
react,2021-01-16,419902
react,2021-01-17,391021
react,2021-01-18,1458541
react,2021-01-19,1721872
react,2021-01-20,1811526
react,2021-01-21,1828871
react,2021-01-22,1121894
react,2021-01-23,444791
react,2021-01-24,417121
react,2021-01-25,1714667
react,2021-01-26,1756547
react,2021-01-27,1833791
react,2021-01-28,1811463
react,2021-01-29,1645089
react,2021-01-30,447731
react,2021-01-31,428740
react,2021-02-01,1845891
react,2021-02-02,1931190
react,2021-02-03,1946943
react,2021-02-04,1951336
react,2021-02-05,1714857
react,2021-02-06,454727
react,2021-02-07,450486
react,2021-02-08,1795650
react,2021-02-09,1938806
react,2021-02-10,1897677
react,2021-02-11,1854663
react,2021-02-12,1627046
react,2021-02-13,461002
react,2021-02-14,421986
react,2021-02-15,1497267
react,2021-02-16,1762461
react,2021-02-17,1872964
react,2021-02-18,1895897
react,2021-02-19,1719836
react,2021-02-20,492564
react,2021-02-21,438029
react,2021-02-22,1827011
react,2021-02-23,1964030
react,2021-02-24,1956604
react,2021-02-25,1892574
react,2021-02-26,1681429
react,2021-02-27,467325
react,2021-02-28,457790
react,2021-03-01,1910823
react,2021-03-02,2030969
react,2021-03-03,1962511
react,2021-03-04,1962673
react,2021-03-05,1708747
react,2021-03-06,466227
react,2021-03-07,459230
react,2021-03-08,1801286
react,2021-03-09,2101291
react,2021-03-10,2075499
react,2021-03-11,1968702
react,2021-03-12,1770016
react,2021-03-13,483970
react,2021-03-14,473829
react,2021-03-15,1903580
react,2021-03-16,2033237
react,2021-03-17,1971272
react,2021-03-18,1979891
react,2021-03-19,1749554
react,2021-03-20,478129
react,2021-03-21,480892
react,2021-03-22,1923634
react,2021-03-23,2079076
react,2021-03-24,2059875
react,2021-03-25,2003272
react,2021-03-26,1761295
react,2021-03-27,463074
react,2021-03-28,443348
react,2021-03-29,1908470
react,2021-03-30,2104911
react,2021-03-31,2060192
react,2021-04-01,1832182
react,2021-04-02,1252737
react,2021-04-03,418417
react,2021-04-04,398573
react,2021-04-05,1384865
react,2021-04-06,1949491
react,2021-04-07,2032911
react,2021-04-08,2000432
react,2021-04-09,1800984
react,2021-04-10,461855
react,2021-04-11,452062
react,2021-04-12,1961456
react,2021-04-13,1995952
react,2021-04-14,1943576
react,2021-04-15,1957444
react,2021-04-16,1738652
react,2021-04-17,448729
react,2021-04-18,448308
react,2021-04-19,1974755
react,2021-04-20,2045102
react,2021-04-21,1955267
react,2021-04-22,2028108
react,2021-04-23,1782197
react,2021-04-24,466844
react,2021-04-25,474411
react,2021-04-26,1982827
react,2021-04-27,2035355
react,2021-04-28,2049313
react,2021-04-29,2036370
react,2021-04-30,1794308
react,2021-05-01,482178
react,2021-05-02,434613
react,2021-05-03,1625617
react,2021-05-04,1906027
react,2021-05-05,1961108
react,2021-05-06,2052630
react,2021-05-07,1914116
react,2021-05-08,600040
react,2021-05-09,572744
react,2021-05-10,2120646
react,2021-05-11,2291960
react,2021-05-12,2111816
react,2021-05-13,1768452
react,2021-05-14,1638336
react,2021-05-15,461979
react,2021-05-16,409528
react,2021-05-17,1967549
react,2021-05-18,2067157
react,2021-05-19,2053449
react,2021-05-20,2081014
react,2021-05-21,1781044
react,2021-05-22,471762
react,2021-05-23,451311
react,2021-05-24,1758388
react,2021-05-25,2158032
react,2021-05-26,2140021
react,2021-05-27,2080817
react,2021-05-28,1800200
react,2021-05-29,496350
react,2021-05-30,465064
react,2021-05-31,1524451
react,2021-06-01,1970826
react,2021-06-02,2029434
react,2021-06-03,1918243
react,2021-06-04,1766827
react,2021-06-05,481953
react,2021-06-06,473062
react,2021-06-07,1989944
react,2021-06-08,2188636
react,2021-06-09,2187485
react,2021-06-10,2153009
react,2021-06-11,1851192
react,2021-06-12,456730
react,2021-06-13,435405
react,2021-06-14,1921536
react,2021-06-15,2110835
react,2021-06-16,2105733
react,2021-06-17,2084412
react,2021-06-18,1683541
react,2021-06-19,425223
react,2021-06-20,437454
react,2021-06-21,1927324
react,2021-06-22,2122658
react,2021-06-23,2110388
react,2021-06-24,2028467
react,2021-06-25,1729033
react,2021-06-26,447097
react,2021-06-27,442447
react,2021-06-28,1990236
react,2021-06-29,2103388
react,2021-06-30,2088257
react,2021-07-01,2088582
react,2021-07-02,1704539
react,2021-07-03,426179
react,2021-07-04,430042
react,2021-07-05,1561721
react,2021-07-06,1941231
react,2021-07-07,2056698
react,2021-07-08,2066044
react,2021-07-09,1757675
react,2021-07-10,439192
react,2021-07-11,443311
react,2021-07-12,1966132
react,2021-07-13,2072765
react,2021-07-14,1999972
react,2021-07-15,2002862
react,2021-07-16,1725558
react,2021-07-17,436810
react,2021-07-18,432048
react,2021-07-19,1918223
react,2021-07-20,2001550
react,2021-07-21,1987313
react,2021-07-22,1974349
react,2021-07-23,1680426
react,2021-07-24,467078
react,2021-07-25,436723
react,2021-07-26,1970252
react,2021-07-27,2073333
react,2021-07-28,2021131
react,2021-07-29,1984007
react,2021-07-30,1735939
react,2021-07-31,455849
react,2021-08-01,494885
react,2021-08-02,1892551
react,2021-08-03,2046414
react,2021-08-04,2090801
react,2021-08-05,2007028
react,2021-08-06,1760689
react,2021-08-07,467253
react,2021-08-08,475378
react,2021-08-09,1927601
react,2021-08-10,2022398
react,2021-08-11,2172817
react,2021-08-12,2077080
react,2021-08-13,1769151
react,2021-08-14,451634
react,2021-08-15,454069
react,2021-08-16,1923676
react,2021-08-17,2065966
react,2021-08-18,2064840
react,2021-08-19,2070732
react,2021-08-20,1760017
react,2021-08-21,458181
react,2021-08-22,463670
react,2021-08-23,1963869
react,2021-08-24,2071386
react,2021-08-25,2108487
react,2021-08-26,2090408
react,2021-08-27,1830753
react,2021-08-28,477993
react,2021-08-29,491043
react,2021-08-30,1999275
react,2021-08-31,2210931
react,2021-09-01,2247163
react,2021-09-02,2181641
react,2021-09-03,1803278
react,2021-09-04,460866
react,2021-09-05,464270
react,2021-09-06,1589074
react,2021-09-07,2007268
react,2021-09-08,2159671
react,2021-09-09,2157927
react,2021-09-10,1860651
react,2021-09-11,483025
react,2021-09-12,476072
react,2021-09-13,2147471
react,2021-09-14,2257649
react,2021-09-15,2194592
react,2021-09-16,2144903
react,2021-09-17,1916900
react,2021-09-18,503240
react,2021-09-19,484766
react,2021-09-20,2063483
react,2021-09-21,2374044
react,2021-09-22,2252054
react,2021-09-23,2131758
react,2021-09-24,1845801
react,2021-09-25,487592
react,2021-09-26,494805
react,2021-09-27,2127424
react,2021-09-28,2238477
react,2021-09-29,2263661
react,2021-09-30,2196733
react,2021-10-01,1906066
react,2021-10-02,479860
react,2021-10-03,489623
react,2021-10-04,2124315
react,2021-10-05,2216002
react,2021-10-06,2335298
react,2021-10-07,2224700
react,2021-10-08,1912887
react,2021-10-09,485861
react,2021-10-10,475528
react,2021-10-11,1955807
react,2021-10-12,2237880
react,2021-10-13,2312974
react,2021-10-14,2253965
react,2021-10-15,1891898
react,2021-10-16,484946
react,2021-10-17,487086
react,2021-10-18,2211031
react,2021-10-19,2315739
react,2021-10-20,2313392
react,2021-10-21,2312036
react,2021-10-22,1995285
react,2021-10-23,508337
react,2021-10-24,518833
react,2021-10-25,2261332
react,2021-10-26,2387420
react,2021-10-27,2326534
react,2021-10-28,2343606
react,2021-10-29,2012928
react,2021-10-30,537161
react,2021-10-31,547523
react,2021-11-01,2100950
react,2021-11-02,2324963
react,2021-11-03,2305143
react,2021-11-04,2248807
react,2021-11-05,1946380
react,2021-11-06,525280
react,2021-11-07,521551
react,2021-11-08,2297516
react,2021-11-09,2434421
react,2021-11-10,2407053
react,2021-11-11,2126652
react,2021-11-12,1970580
react,2021-11-13,527106
react,2021-11-14,522252
react,2021-11-15,2235846
react,2021-11-16,2396378
react,2021-11-17,2368208
react,2021-11-18,2389922
react,2021-11-19,2076376
react,2021-11-20,560187
react,2021-11-21,551428
react,2021-11-22,2251855
react,2021-11-23,2319159
react,2021-11-24,2202700
react,2021-11-25,1876170
react,2021-11-26,1573675
react,2021-11-27,548163
react,2021-11-28,558392
react,2021-11-29,2265520
react,2021-11-30,2447399
react,2021-12-01,2481033
react,2021-12-02,2399947
react,2021-12-03,2115094
react,2021-12-04,572739
react,2021-12-05,554220
react,2021-12-06,2329242
react,2021-12-07,2304995
react,2021-12-08,2399333
react,2021-12-09,2467667
react,2021-12-10,2143110
react,2021-12-11,663569
react,2021-12-12,655972
react,2021-12-13,2449369
react,2021-12-14,2659644
react,2021-12-15,2564011
react,2021-12-16,2485609
react,2021-12-17,2160856
react,2021-12-18,720347
react,2021-12-19,696587
react,2021-12-20,2242231
react,2021-12-21,2291615
react,2021-12-22,2079801
react,2021-12-23,1824742
react,2021-12-24,1088046
react,2021-12-25,529315
react,2021-12-26,587636
react,2021-12-27,1316963
react,2021-12-28,1479801
react,2021-12-29,1436490
react,2021-12-30,1334630
react,2021-12-31,890413
react,2022-01-01,609870
react,2022-01-02,616859
react,2022-01-03,1719667
react,2022-01-04,2186964
react,2022-01-05,2274350
react,2022-01-06,2154199
react,2022-01-07,2031746
react,2022-01-08,723711
react,2022-01-09,812307
react,2022-01-10,2574663
react,2022-01-11,2602481
react,2022-01-12,2590101
react,2022-01-13,2604440
react,2022-01-14,2326813
react,2022-01-15,836641
react,2022-01-16,774855
react,2022-01-17,2254110
react,2022-01-18,2563008
react,2022-01-19,2682578
react,2022-01-20,2665695
react,2022-01-21,2376023
react,2022-01-22,884653
react,2022-01-23,781331
react,2022-01-24,2646503
react,2022-01-25,2728608
react,2022-01-26,2552757
react,2022-01-27,2739027
react,2022-01-28,2419924
react,2022-01-29,842420
react,2022-01-30,807239
react,2022-01-31,2608569
react,2022-02-01,2822821
react,2022-02-02,2690777
react,2022-02-03,2747833
react,2022-02-04,2449375
react,2022-02-05,817169
react,2022-02-06,813353
react,2022-02-07,2714136
react,2022-02-08,2873790
react,2022-02-09,2902820
react,2022-02-10,2954513
react,2022-02-11,2591974
react,2022-02-12,914302
react,2022-02-13,942220
react,2022-02-14,2774125
react,2022-02-15,2921174
react,2022-02-16,2898889
react,2022-02-17,2905560
react,2022-02-18,2588931
react,2022-02-19,918436
react,2022-02-20,814736
react,2022-02-21,2420894
react,2022-02-22,2756181
react,2022-02-23,2753637
react,2022-02-24,2708752
react,2022-02-25,2462959
react,2022-02-26,923155
react,2022-02-27,879193
react,2022-02-28,2629126
react,2022-03-01,2859605
react,2022-03-02,2838973
react,2022-03-03,2783987
react,2022-03-04,2489945
react,2022-03-05,849505
react,2022-03-06,821241
react,2022-03-07,2723277
react,2022-03-08,2778844
react,2022-03-09,2836479
react,2022-03-10,2842622
react,2022-03-11,2527623
react,2022-03-12,863902
react,2022-03-13,833587
react,2022-03-14,2829667
react,2022-03-15,2952432
react,2022-03-16,2920872
react,2022-03-17,2779660
react,2022-03-18,2418963
react,2022-03-19,834184
react,2022-03-20,822952
react,2022-03-21,2787032
react,2022-03-22,2920495
react,2022-03-23,2965178
react,2022-03-24,2893533
react,2022-03-25,2575596
react,2022-03-26,861969
react,2022-03-27,850483
react,2022-03-28,2867543
react,2022-03-29,3019997
react,2022-03-30,3046894
react,2022-03-31,2993957
react,2022-04-01,2751250
react,2022-04-02,867625
react,2022-04-03,860117
react,2022-04-04,2900325
react,2022-04-05,2978449
react,2022-04-06,2933422
react,2022-04-07,2957444
react,2022-04-08,2458784
react,2022-04-09,731541
react,2022-04-10,646011
react,2022-04-11,2773044
react,2022-04-12,3271474
react,2022-04-13,2792857
react,2022-04-14,2869909
react,2022-04-15,1712928
react,2022-04-16,599468
react,2022-04-17,584059
react,2022-04-18,1969144
react,2022-04-19,2798056
react,2022-04-20,2900984
react,2022-04-21,2860117
react,2022-04-22,2374065
react,2022-04-23,611518
react,2022-04-24,634758
react,2022-04-25,2613039
react,2022-04-26,2945479
react,2022-04-27,2872307
react,2022-04-28,2830796
react,2022-04-29,2480447
react,2022-04-30,645207
react,2022-05-01,757733
react,2022-05-02,2263005
react,2022-05-03,2461542
react,2022-05-04,2598864
react,2022-05-05,2547887
react,2022-05-06,2331844
react,2022-05-07,642727
react,2022-05-08,480074
react,2022-05-09,2654906
react,2022-05-10,2857690
react,2022-05-11,2826352
react,2022-05-12,2747875
react,2022-05-13,2409143
react,2022-05-14,618384
react,2022-05-15,640859
react,2022-05-16,2763270
react,2022-05-17,2976129
react,2022-05-18,2961494
react,2022-05-19,2962225
react,2022-05-20,2572509
react,2022-05-21,654163
react,2022-05-22,696941
react,2022-05-23,2806246
react,2022-05-24,3043428
react,2022-05-25,3017545
react,2022-05-26,2686778
react,2022-05-27,2355462
react,2022-05-28,659831
react,2022-05-29,713721
react,2022-05-30,2459147
react,2022-05-31,2928783
react,2022-06-01,3072771
react,2022-06-02,2806929
react,2022-06-03,2486378
react,2022-06-04,723933
react,2022-06-05,668177
react,2022-06-06,2622558
react,2022-06-07,3075566
react,2022-06-08,3092451
react,2022-06-09,2988703
react,2022-06-10,2580564
react,2022-06-11,726045
react,2022-06-12,705679
react,2022-06-13,2838331
react,2022-06-14,3099547
react,2022-06-15,3128590
react,2022-06-16,2902850
react,2022-06-17,2512350
react,2022-06-18,767485
react,2022-06-19,769642
react,2022-06-20,2713401
react,2022-06-21,3021173
react,2022-06-22,3077642
react,2022-06-23,3090450
react,2022-06-24,2561102
react,2022-06-25,767424
react,2022-06-26,740380
react,2022-06-27,2951872
react,2022-06-28,3114726
react,2022-06-29,3036520
react,2022-06-30,2937535
react,2022-07-01,2421008
react,2022-07-02,668888
react,2022-07-03,673220
react,2022-07-04,2245633
react,2022-07-05,2758180
react,2022-07-06,2876031
react,2022-07-07,2845126
react,2022-07-08,2467046
react,2022-07-09,658563
react,2022-07-10,666030
react,2022-07-11,2808372
react,2022-07-12,2943264
react,2022-07-13,2949223
react,2022-07-14,2861338
react,2022-07-15,2520015
react,2022-07-16,672442
react,2022-07-17,676018
react,2022-07-18,2842600
react,2022-07-19,3053027
react,2022-07-20,3131721
react,2022-07-21,3057311
react,2022-07-22,0
react,2022-07-23,683573
react,2022-07-24,676300
react,2022-07-25,2909601
react,2022-07-26,3059480
react,2022-07-27,2967092
react,2022-07-28,2949453
react,2022-07-29,2532241
react,2022-07-30,687490
react,2022-07-31,689364
react,2022-08-01,2875954
react,2022-08-02,3020315
react,2022-08-03,2984469
react,2022-08-04,2961413
react,2022-08-05,2570755
react,2022-08-06,685502
react,2022-08-07,707400
react,2022-08-08,2995533
react,2022-08-09,3173205
react,2022-08-10,3012226
react,2022-08-11,2910441
react,2022-08-12,2492563
react,2022-08-13,712441
react,2022-08-14,712456
react,2022-08-15,2495204
react,2022-08-16,3069346
react,2022-08-17,3056165
react,2022-08-18,2948496
react,2022-08-19,2601999
react,2022-08-20,691630
react,2022-08-21,710906
react,2022-08-22,2994413
react,2022-08-23,3185287
react,2022-08-24,3102061
react,2022-08-25,3120754
react,2022-08-26,2688595
react,2022-08-27,737705
react,2022-08-28,745024
react,2022-08-29,2865858
react,2022-08-30,3201542
react,2022-08-31,3119916
react,2022-09-01,3158240
react,2022-09-02,2548791
react,2022-09-03,669021
react,2022-09-04,670663
react,2022-09-05,2358653
react,2022-09-06,3069215
react,2022-09-07,3083367
react,2022-09-08,3113142
react,2022-09-09,2711228
react,2022-09-10,712270
react,2022-09-11,719501
react,2022-09-12,3102553
react,2022-09-13,3316214
react,2022-09-14,3224663
react,2022-09-15,3169534
react,2022-09-16,2752059
react,2022-09-17,753442
react,2022-09-18,770190
react,2022-09-19,2963648
react,2022-09-20,3385992
react,2022-09-21,3148606
react,2022-09-22,3087291
react,2022-09-23,2687118
react,2022-09-24,699596
react,2022-09-25,691095
react,2022-09-26,3187063
react,2022-09-27,3258365
react,2022-09-28,3369464
react,2022-09-29,3219156
react,2022-09-30,2783137
react,2022-10-01,803132
react,2022-10-02,698212
react,2022-10-03,2918951
react,2022-10-04,3222985
react,2022-10-05,3074340
react,2022-10-06,3180651
react,2022-10-07,2777546
react,2022-10-08,748101
react,2022-10-09,725507
react,2022-10-10,2726581
react,2022-10-11,3251759
react,2022-10-12,3159652
react,2022-10-13,3235993
react,2022-10-14,2885177
react,2022-10-15,764937
react,2022-10-16,723292
react,2022-10-17,3238028
react,2022-10-18,3358615
react,2022-10-19,3354660
react,2022-10-20,3305595
react,2022-10-21,2943028
react,2022-10-22,834978
react,2022-10-23,759192
react,2022-10-24,3086367
react,2022-10-25,3327549
react,2022-10-26,3294062
react,2022-10-27,3402347
react,2022-10-28,2914239
react,2022-10-29,862265
react,2022-10-30,842678
react,2022-10-31,3127134
react,2022-11-01,3483471
react,2022-11-02,3616999
react,2022-11-03,3595913
react,2022-11-04,3170353
react,2022-11-05,1186151
react,2022-11-06,1179707
react,2022-11-07,3619210
react,2022-11-08,3877649
react,2022-11-09,3442852
react,2022-11-10,3347527
react,2022-11-11,2594331
react,2022-11-12,789247
react,2022-11-13,822343
react,2022-11-14,3290362
react,2022-11-15,3511478
react,2022-11-16,3567083
react,2022-11-17,3528121
react,2022-11-18,3054601
react,2022-11-19,928804
react,2022-11-20,1158570
react,2022-11-21,3266999
react,2022-11-22,3448729
react,2022-11-23,3196433
react,2022-11-24,2680195
react,2022-11-25,2322088
react,2022-11-26,790030
react,2022-11-27,856353
react,2022-11-28,3305577
react,2022-11-29,3642995
react,2022-11-30,3485203
react,2022-12-01,3423998
react,2022-12-02,2953518
react,2022-12-03,827954
react,2022-12-04,844130
react,2022-12-05,3313020
react,2022-12-06,3486221
react,2022-12-07,3469132
react,2022-12-08,3352912
react,2022-12-09,2867189
react,2022-12-10,865738
react,2022-12-11,883533
react,2022-12-12,3298908
react,2022-12-13,3432354
react,2022-12-14,3414382
react,2022-12-15,3320285
react,2022-12-16,2821011
react,2022-12-17,808877
react,2022-12-18,785330
react,2022-12-19,3010360
react,2022-12-20,3107251
react,2022-12-21,2963262
react,2022-12-22,2764043
react,2022-12-23,2053858
react,2022-12-24,681860
react,2022-12-25,657215
react,2022-12-26,1432752
react,2022-12-27,1795013
react,2022-12-28,1851645
react,2022-12-29,1760066
react,2022-12-30,1409488
react,2022-12-31,603157
react,2023-01-01,732600
react,2023-01-02,1573559
react,2023-01-03,2738656
react,2023-01-04,3005693
react,2023-01-05,2982066
react,2023-01-06,2555198
react,2023-01-07,838094
react,2023-01-08,823305
react,2023-01-09,3185262
react,2023-01-10,3354752
react,2023-01-11,3404629
react,2023-01-12,3385837
react,2023-01-13,2993598
react,2023-01-14,833672
react,2023-01-15,868986
react,2023-01-16,2854358
react,2023-01-17,3358980
react,2023-01-18,3413768
react,2023-01-19,3331532
react,2023-01-20,2938320
react,2023-01-21,870690
react,2023-01-22,856802
react,2023-01-23,3215347
react,2023-01-24,3345218
react,2023-01-25,3409834
react,2023-01-26,3222321
react,2023-01-27,3027339
react,2023-01-28,955000
react,2023-01-29,1097222
react,2023-01-30,3542657
react,2023-01-31,3720196
react,2023-02-01,3804395
react,2023-02-02,3616693
react,2023-02-03,3188900
react,2023-02-04,1024051
react,2023-02-05,981537
react,2023-02-06,3534210
react,2023-02-07,3802249
react,2023-02-08,3731851
react,2023-02-09,3661286
react,2023-02-10,3290210
react,2023-02-11,1089725
react,2023-02-12,1183714
react,2023-02-13,3624405
react,2023-02-14,3633714
react,2023-02-15,3697072
react,2023-02-16,3677001
react,2023-02-17,3324659
react,2023-02-18,1026718
react,2023-02-19,1000293
react,2023-02-20,3258716
react,2023-02-21,3645386
react,2023-02-22,3761285
react,2023-02-23,3683466
react,2023-02-24,3337425
react,2023-02-25,1034665
react,2023-02-26,979924
react,2023-02-27,3582076
react,2023-02-28,3662451
react,2023-03-01,3669110
react,2023-03-02,3523870
react,2023-03-03,3125232
react,2023-03-04,942589
react,2023-03-05,893874
react,2023-03-06,3506879
react,2023-03-07,3680825
react,2023-03-08,3334808
react,2023-03-09,3630283
react,2023-03-10,3182825
react,2023-03-11,923631
react,2023-03-12,880380
react,2023-03-13,3560161
react,2023-03-14,3654041
react,2023-03-15,3774809
react,2023-03-16,3610887
react,2023-03-17,3138885
react,2023-03-18,906381
react,2023-03-19,947955
react,2023-03-20,3592200
react,2023-03-21,3681685
react,2023-03-22,3682781
react,2023-03-23,3704513
react,2023-03-24,3258786
react,2023-03-25,1005704
react,2023-03-26,989306
react,2023-03-27,3629212
react,2023-03-28,3833448
react,2023-03-29,3836891
react,2023-03-30,3912430
react,2023-03-31,3467541
react,2023-04-01,959829
react,2023-04-02,891582
react,2023-04-03,3558566
react,2023-04-04,3718489
react,2023-04-05,3621992
react,2023-04-06,3391369
react,2023-04-07,2299602
react,2023-04-08,907403
react,2023-04-09,858830
react,2023-04-10,2706488
react,2023-04-11,3597110
react,2023-04-12,3601525
react,2023-04-13,3601892
react,2023-04-14,3247601
react,2023-04-15,1052178
react,2023-04-16,1111229
react,2023-04-17,3802660
react,2023-04-18,3937000
react,2023-04-19,3889363
react,2023-04-20,3771973
react,2023-04-21,3227842
react,2023-04-22,1095492
react,2023-04-23,1091172
react,2023-04-24,3713369
react,2023-04-25,3826166
react,2023-04-26,3977708
react,2023-04-27,3902792
react,2023-04-28,3314876
react,2023-04-29,947265
react,2023-04-30,968941
react,2023-05-01,2394156
react,2023-05-02,3608926
react,2023-05-03,3570640
react,2023-05-04,3668817
react,2023-05-05,3284783
react,2023-05-06,1058222
react,2023-05-07,964681
react,2023-05-08,3411176
react,2023-05-09,3687331
react,2023-05-10,3635933
react,2023-05-11,3741227
react,2023-05-12,3291001
react,2023-05-13,1019435
react,2023-05-14,1022021
react,2023-05-15,3862318
react,2023-05-16,3962557
react,2023-05-17,3954741
react,2023-05-18,3440040
react,2023-05-19,3034463
react,2023-05-20,846574
react,2023-05-21,862090
react,2023-05-22,3522317
react,2023-05-23,3745336
react,2023-05-24,3697878
react,2023-05-25,3587410
react,2023-05-26,3108928
react,2023-05-27,845542
react,2023-05-28,928951
react,2023-05-29,2571831
react,2023-05-30,3676660
react,2023-05-31,3704021
react,2023-06-01,3816650
react,2023-06-02,3308205
react,2023-06-03,1017549
react,2023-06-04,1018649
react,2023-06-05,3637308
react,2023-06-06,3795948
react,2023-06-07,3786924
react,2023-06-08,3601444
react,2023-06-09,3211507
react,2023-06-10,1030973
react,2023-06-11,1026945
react,2023-06-12,3692556
react,2023-06-13,4000936
react,2023-06-14,4014413
react,2023-06-15,3891665
react,2023-06-16,3345644
react,2023-06-17,1060185
react,2023-06-18,1046370
react,2023-06-19,3412422
react,2023-06-20,3882112
react,2023-06-21,3876033
react,2023-06-22,3727000
react,2023-06-23,3149539
react,2023-06-24,886834
react,2023-06-25,1011047
react,2023-06-26,3664876
react,2023-06-27,3801283
react,2023-06-28,3745649
react,2023-06-29,3739356
react,2023-06-30,3089725
react,2023-07-01,930889
react,2023-07-02,878303
react,2023-07-03,3127444
react,2023-07-04,3118564
react,2023-07-05,3646169
react,2023-07-06,3753980
react,2023-07-07,3196949
react,2023-07-08,895446
react,2023-07-09,930560
react,2023-07-10,3779468
react,2023-07-11,4033762
react,2023-07-12,3944551
react,2023-07-13,3815307
react,2023-07-14,3223589
react,2023-07-15,924810
react,2023-07-16,933976
react,2023-07-17,3668742
react,2023-07-18,3877224
react,2023-07-19,3985059
react,2023-07-20,3830137
react,2023-07-21,3219930
react,2023-07-22,960074
react,2023-07-23,964330
react,2023-07-24,3785871
react,2023-07-25,3921195
react,2023-07-26,3860400
react,2023-07-27,3774300
react,2023-07-28,3184307
react,2023-07-29,951332
react,2023-07-30,942759
react,2023-07-31,3717138
react,2023-08-01,3863587
react,2023-08-02,3865371
react,2023-08-03,3791225
react,2023-08-04,3310556
react,2023-08-05,978416
react,2023-08-06,988122
react,2023-08-07,3687213
react,2023-08-08,3908019
react,2023-08-09,4035489
react,2023-08-10,3861177
react,2023-08-11,3339700
react,2023-08-12,1023673
react,2023-08-13,1037087
react,2023-08-14,3616415
react,2023-08-15,3344272
react,2023-08-16,3865875
react,2023-08-17,3768938
react,2023-08-18,3350320
react,2023-08-19,1173717
react,2023-08-20,1083074
react,2023-08-21,3962642
react,2023-08-22,4144980
react,2023-08-23,4017898
react,2023-08-24,4009283
react,2023-08-25,3478135
react,2023-08-26,1183833
react,2023-08-27,1173157
react,2023-08-28,3819082
react,2023-08-29,4021770
react,2023-08-30,4028321
react,2023-08-31,3953711
react,2023-09-01,3294599
react,2023-09-02,1060913
react,2023-09-03,1028758
react,2023-09-04,2982684
react,2023-09-05,3813110
react,2023-09-06,3978592
react,2023-09-07,3753441
react,2023-09-08,3421198
react,2023-09-09,1010208
react,2023-09-10,1031995
react,2023-09-11,3849766
react,2023-09-12,4000851
react,2023-09-13,3916969
react,2023-09-14,3939215
react,2023-09-15,3447961
react,2023-09-16,1038146
react,2023-09-17,905120
react,2023-09-18,3742671
react,2023-09-19,3990869
react,2023-09-20,3998808
react,2023-09-21,3928757
react,2023-09-22,3528659
react,2023-09-23,1064044
react,2023-09-24,970091
react,2023-09-25,3927894
react,2023-09-26,4142618
react,2023-09-27,4080833
react,2023-09-28,3819802
react,2023-09-29,3380226
react,2023-09-30,979471
react,2023-10-01,1099183
react,2023-10-02,3523548
react,2023-10-03,3906066
react,2023-10-04,4025903
react,2023-10-05,3964314
react,2023-10-06,3463280
react,2023-10-07,1141199
react,2023-10-08,1078104
react,2023-10-09,3517394
react,2023-10-10,3988610
react,2023-10-11,4020554
react,2023-10-12,3894480
react,2023-10-13,3413946
react,2023-10-14,1132225
react,2023-10-15,1124829
react,2023-10-16,4005166
react,2023-10-17,4158397
react,2023-10-18,4266890
react,2023-10-19,4287816
react,2023-10-20,3659206
react,2023-10-21,1105168
react,2023-10-22,1112729
react,2023-10-23,3967955
react,2023-10-24,4022308
react,2023-10-25,4141534
react,2023-10-26,4165998
react,2023-10-27,3660431
react,2023-10-28,1262505
react,2023-10-29,1239050
react,2023-10-30,4016865
react,2023-10-31,4220261
react,2023-11-01,3694378
react,2023-11-02,1585311
react,2023-11-03,0
react,2023-11-04,1126537
react,2023-11-05,1129611
react,2023-11-06,4007220
react,2023-11-07,4275867
react,2023-11-08,4295124
react,2023-11-09,4238690
react,2023-11-10,3565425
react,2023-11-11,1224317
react,2023-11-12,1161669
react,2023-11-13,3935912
react,2023-11-14,4196395
react,2023-11-15,4124111
react,2023-11-16,4170968
react,2023-11-17,3644407
react,2023-11-18,1204846
react,2023-11-19,1173417
react,2023-11-20,4048825
react,2023-11-21,4416511
react,2023-11-22,3989463
react,2023-11-23,3296183
react,2023-11-24,2951810
react,2023-11-25,1151667
react,2023-11-26,1192228
react,2023-11-27,4096867
react,2023-11-28,4333483
react,2023-11-29,4350245
react,2023-11-30,4210032
react,2023-12-01,3602471
react,2023-12-02,1122288
react,2023-12-03,1086265
react,2023-12-04,4015771
react,2023-12-05,4023471
react,2023-12-06,3965206
react,2023-12-07,3886658
react,2023-12-08,3333934
react,2023-12-09,1046873
react,2023-12-10,1014563
react,2023-12-11,4056456
react,2023-12-12,4137101
react,2023-12-13,4141373
react,2023-12-14,3947166
react,2023-12-15,3406961
react,2023-12-16,1082121
react,2023-12-17,1051483
react,2023-12-18,3906243
react,2023-12-19,4024525
react,2023-12-20,3928357
react,2023-12-21,3627178
react,2023-12-22,2740385
react,2023-12-23,1006921
react,2023-12-24,972019
react,2023-12-25,1471348
react,2023-12-26,1905755
react,2023-12-27,2454785
react,2023-12-28,2468787
react,2023-12-29,2073432
react,2023-12-30,1016728
react,2023-12-31,992151
react,2024-01-01,1267159
react,2024-01-02,2996948
react,2024-01-03,3451140
react,2024-01-04,3614836
react,2024-01-05,3307884
react,2024-01-06,1111080
react,2024-01-07,1071046
react,2024-01-08,3866982
react,2024-01-09,4122552
react,2024-01-10,4153032
react,2024-01-11,4126974
react,2024-01-12,3596497
react,2024-01-13,1058664
react,2024-01-14,1039378
react,2024-01-15,3521806
react,2024-01-16,4062298
react,2024-01-17,4229986
react,2024-01-18,4226387
react,2024-01-19,3716039
react,2024-01-20,1079369
react,2024-01-21,1001875
react,2024-01-22,4279229
react,2024-01-23,4275759
react,2024-01-24,4227374
react,2024-01-25,4389170
react,2024-01-26,3576866
react,2024-01-27,1087959
react,2024-01-28,1053071
react,2024-01-29,4233626
react,2024-01-30,4507913
react,2024-01-31,4436932
react,2024-02-01,4456764
react,2024-02-02,3838394
react,2024-02-03,1069853
react,2024-02-04,1113169
react,2024-02-05,4270551
react,2024-02-06,4420530
react,2024-02-07,4358811
react,2024-02-08,4157112
react,2024-02-09,3659951
react,2024-02-10,1083502
react,2024-02-11,1070264
react,2024-02-12,3856547
react,2024-02-13,4134919
react,2024-02-14,4078096
react,2024-02-15,4243144
react,2024-02-16,3810086
react,2024-02-17,1073684
react,2024-02-18,1056239
react,2024-02-19,3750739
react,2024-02-20,4462724
react,2024-02-21,4514007
react,2024-02-22,4402060
react,2024-02-23,3851547
react,2024-02-24,1170624
react,2024-02-25,1195455
react,2024-02-26,4618998
react,2024-02-27,4800140
react,2024-02-28,4770465
react,2024-02-29,4630843
react,2024-03-01,3932211
react,2024-03-02,1195307
react,2024-03-03,1144296
react,2024-03-04,4467103
react,2024-03-05,4593223
react,2024-03-06,4573021
react,2024-03-07,4522632
react,2024-03-08,3922703
react,2024-03-09,1140226
react,2024-03-10,1129133
react,2024-03-11,4297820
react,2024-03-12,4493372
react,2024-03-13,4466831
react,2024-03-14,4479366
react,2024-03-15,3998366
react,2024-03-16,1208242
react,2024-03-17,1139390
react,2024-03-18,4391232
react,2024-03-19,4526160
react,2024-03-20,4337984
react,2024-03-21,4343005
react,2024-03-22,3790796
react,2024-03-23,1048758
react,2024-03-24,1060885
react,2024-03-25,4117555
react,2024-03-26,3173996
react,2024-03-27,4287469
react,2024-03-28,3937275
react,2024-03-29,2688709
react,2024-03-30,977299
react,2024-03-31,970957
react,2024-04-01,3089907
react,2024-04-02,4172231
react,2024-04-03,4293315
react,2024-04-04,4230171
react,2024-04-05,3623020
react,2024-04-06,1068166
react,2024-04-07,1174386
react,2024-04-08,4139223
react,2024-04-09,4229986
react,2024-04-10,4090561
react,2024-04-11,4086702
react,2024-04-12,3650333
react,2024-04-13,1017369
react,2024-04-14,978479
react,2024-04-15,4252658
react,2024-04-16,4348031
react,2024-04-17,4258810
react,2024-04-18,4229604
react,2024-04-19,3725492
react,2024-04-20,988585
react,2024-04-21,974404
react,2024-04-22,4152249
react,2024-04-23,4240842
react,2024-04-24,4242353
react,2024-04-25,4212968
react,2024-04-26,3914889
react,2024-04-27,1178052
react,2024-04-28,1142066
react,2024-04-29,4301077
react,2024-04-30,4372194
react,2024-05-01,3172320
react,2024-05-02,4313929
react,2024-05-03,3719321
react,2024-05-04,1109116
react,2024-05-05,1069523
react,2024-05-06,4042056
react,2024-05-07,4551642
react,2024-05-08,4405083
react,2024-05-09,3934957
react,2024-05-10,3632553
react,2024-05-11,1087639
react,2024-05-12,1080147
react,2024-05-13,4419858
react,2024-05-14,4625609
react,2024-05-15,4602819
react,2024-05-16,4577558
react,2024-05-17,3937184
react,2024-05-18,1109245
react,2024-05-19,1088804
react,2024-05-20,3903880
react,2024-05-21,4523899
react,2024-05-22,4576698
react,2024-05-23,4467271
react,2024-05-24,3909076
react,2024-05-25,1065327
react,2024-05-26,1048465
react,2024-05-27,3649691
react,2024-05-28,4508213
react,2024-05-29,4599914
react,2024-05-30,4261437
react,2024-05-31,3879032
react,2024-06-01,1187571
react,2024-06-02,1080842
react,2024-06-03,4537257
react,2024-06-04,4845026
react,2024-06-05,4751306
react,2024-06-06,4463453
react,2024-06-07,3868523
react,2024-06-08,1071795
react,2024-06-09,1054267
react,2024-06-10,4376417
react,2024-06-11,4639944
react,2024-06-12,4597328
react,2024-06-13,4637161
react,2024-06-14,3963324
react,2024-06-15,1042808
react,2024-06-16,1033769
react,2024-06-17,4408223
react,2024-06-18,4718274
react,2024-06-19,4302298
react,2024-06-20,4372790
react,2024-06-21,3925435
react,2024-06-22,1098790
react,2024-06-23,1079864
react,2024-06-24,4386205
react,2024-06-25,4625106
react,2024-06-26,4595442
react,2024-06-27,4531019
react,2024-06-28,3757255
react,2024-06-29,1062760
react,2024-06-30,1076149
react,2024-07-01,4400583
react,2024-07-02,4658531
react,2024-07-03,4475413
react,2024-07-04,3603074
react,2024-07-05,3295125
react,2024-07-06,1020715
react,2024-07-07,1009581
react,2024-07-08,4417740
react,2024-07-09,4658006
react,2024-07-10,4534269
react,2024-07-11,4562436
react,2024-07-12,3856573
react,2024-07-13,1177513
react,2024-07-14,1135470
react,2024-07-15,4321005
react,2024-07-16,4643331
react,2024-07-17,4619039
react,2024-07-18,4513619
react,2024-07-19,3909272
react,2024-07-20,1205569
react,2024-07-21,1224135
react,2024-07-22,4498760
react,2024-07-23,4627151
react,2024-07-24,4603647
react,2024-07-25,4434387
react,2024-07-26,3808485
react,2024-07-27,1018466
react,2024-07-28,1044924
react,2024-07-29,4432451
react,2024-07-30,4515814
react,2024-07-31,4448505
react,2024-08-01,4505448
react,2024-08-02,3865217
react,2024-08-03,1095795
react,2024-08-04,1029783
react,2024-08-05,4250643
react,2024-08-06,4542376
react,2024-08-07,4508433
react,2024-08-08,4500664
react,2024-08-09,3877907
react,2024-08-10,1046563
react,2024-08-11,1053051
react,2024-08-12,4234137
react,2024-08-13,4504242
react,2024-08-14,4421336
react,2024-08-15,3624974
react,2024-08-16,3650043
react,2024-08-17,1018482
react,2024-08-18,1045594
react,2024-08-19,4277854
react,2024-08-20,4658072
react,2024-08-21,4467490
react,2024-08-22,4553352
react,2024-08-23,3987703
react,2024-08-24,1058103
react,2024-08-25,1062467
react,2024-08-26,4278337
react,2024-08-27,4745439
react,2024-08-28,4751470
react,2024-08-29,4649717
react,2024-08-30,4003317
react,2024-08-31,1149835
react,2024-09-01,1217724
react,2024-09-02,3719121
react,2024-09-03,4657619
react,2024-09-04,4888222
react,2024-09-05,4748430
react,2024-09-06,4115483
react,2024-09-07,1115220
react,2024-09-08,1132284
react,2024-09-09,4704328
react,2024-09-10,4877389
react,2024-09-11,4864323
react,2024-09-12,4916540
react,2024-09-13,4175413
react,2024-09-14,1170988
react,2024-09-15,1104593
react,2024-09-16,4489251
react,2024-09-17,4674832
react,2024-09-18,4827237
react,2024-09-19,4718282
react,2024-09-20,4226055
react,2024-09-21,1173925
react,2024-09-22,1109263
react,2024-09-23,4701913
react,2024-09-24,4977061
react,2024-09-25,4876157
react,2024-09-26,4780841
react,2024-09-27,4195499
react,2024-09-28,1159395
react,2024-09-29,1174565
react,2024-09-30,4644389
react,2024-10-01,4724610
react,2024-10-02,4419730
react,2024-10-03,4479841
react,2024-10-04,4053434
react,2024-10-05,1171987
react,2024-10-06,1166642
react,2024-10-07,4636808
react,2024-10-08,4860847
react,2024-10-09,4818495
react,2024-10-10,4709943
react,2024-10-11,3973839
react,2024-10-12,1152424
react,2024-10-13,1141315
react,2024-10-14,4232586
react,2024-10-15,4865317
react,2024-10-16,4876448
react,2024-10-17,4799088
react,2024-10-18,4226667
react,2024-10-19,1274598
react,2024-10-20,1292057
react,2024-10-21,4836084
react,2024-10-22,5063140
react,2024-10-23,4996224
react,2024-10-24,4973110
react,2024-10-25,4580864
react,2024-10-26,1352245
react,2024-10-27,1366161
react,2024-10-28,4946689
react,2024-10-29,5148518
react,2024-10-30,4938816
react,2024-10-31,4480836
react,2024-11-01,3657489
react,2024-11-02,1229719
react,2024-11-03,1222371
react,2024-11-04,4672161
react,2024-11-05,4950301
react,2024-11-06,4856698
react,2024-11-07,4987909
react,2024-11-08,4386918
react,2024-11-09,1998974
react,2024-11-10,1379653
react,2024-11-11,4423362
react,2024-11-12,5136501
react,2024-11-13,5227946
react,2024-11-14,4704631
react,2024-11-15,4393264
react,2024-11-16,1472470
react,2024-11-17,1498851
react,2024-11-18,5166782
react,2024-11-19,5487401
react,2024-11-20,5280506
react,2024-11-21,5285163
react,2024-11-22,4778325
react,2024-11-23,1573992
react,2024-11-24,1470251
react,2024-11-25,5225586
react,2024-11-26,5466538
react,2024-11-27,4989429
react,2024-11-28,4209130
react,2024-11-29,3673666
react,2024-11-30,1320958
react,2024-12-01,1304313
react,2024-12-02,4882485
react,2024-12-03,5295399
react,2024-12-04,5303971
react,2024-12-05,5122343
react,2024-12-06,4473393
react,2024-12-07,1330668
react,2024-12-08,1311278
react,2024-12-09,5171492
react,2024-12-10,5394272
react,2024-12-11,5267000
react,2024-12-12,5123975
react,2024-12-13,4358583
react,2024-12-14,1299321
react,2024-12-15,1299403
react,2024-12-16,4990135
react,2024-12-17,5206971
react,2024-12-18,5109991
react,2024-12-19,5065096
react,2024-12-20,4222271
react,2024-12-21,1251948
react,2024-12-22,1191482
react,2024-12-23,3375614
react,2024-12-24,2495802
react,2024-12-25,1515741
react,2024-12-26,2252349
react,2024-12-27,2365346
react,2024-12-28,1140030
react,2024-12-29,1163952
react,2024-12-30,2721025
react,2024-12-31,2107459
react,2025-01-01,1336801
react,2025-01-02,3288088
react,2025-01-03,3381680
react,2025-01-04,1391985
react,2025-01-05,1338674
react,2025-01-06,4401029
react,2025-01-07,4785165
react,2025-01-08,4936173
react,2025-01-09,5032750
react,2025-01-10,4617808
react,2025-01-11,1387175
react,2025-01-12,1338353
react,2025-01-13,4879061
react,2025-01-14,5050177
react,2025-01-15,5395055
react,2025-01-16,5492874
react,2025-01-17,4754116
react,2025-01-18,1382763
react,2025-01-19,1379687
react,2025-01-20,4600922
react,2025-01-21,5204494
react,2025-01-22,5419870
react,2025-01-23,5404003
react,2025-01-24,4675693
react,2025-01-25,1402563
react,2025-01-26,1390833
react,2025-01-27,5153191
react,2025-01-28,5358481
react,2025-01-29,5150546
react,2025-01-30,5097280
react,2025-01-31,4656886
react,2025-02-01,1840884
react,2025-02-02,1748936
react,2025-02-03,5791320
react,2025-02-04,6134109
react,2025-02-05,6096873
react,2025-02-06,5924413
react,2025-02-07,5375144
react,2025-02-08,2008137
react,2025-02-09,2013853
react,2025-02-10,5921120
react,2025-02-11,5880303
react,2025-02-12,5858789
react,2025-02-13,5826391
react,2025-02-14,5003630
react,2025-02-15,1559489
react,2025-02-16,1612018
react,2025-02-17,5122863
react,2025-02-18,5723233
react,2025-02-19,5827613
react,2025-02-20,5787132
react,2025-02-21,5036029
react,2025-02-22,1639322
react,2025-02-23,1575462
react,2025-02-24,5563188
react,2025-02-25,6040485
react,2025-02-26,5951804
react,2025-02-27,5968319
react,2025-02-28,5133960
react,2025-03-01,1796871
react,2025-03-02,1760465
react,2025-03-03,5672966
react,2025-03-04,5785770
react,2025-03-05,5844434
react,2025-03-06,5851743
react,2025-03-07,5227560
react,2025-03-08,1921002
react,2025-03-09,1725033
react,2025-03-10,5917383
react,2025-03-11,6269431
react,2025-03-12,6340771
react,2025-03-13,6111425
react,2025-03-14,5144759
react,2025-03-15,1815727
react,2025-03-16,1731580
react,2025-03-17,6015919
react,2025-03-18,6279906
react,2025-03-19,6228094
react,2025-03-20,6055479
react,2025-03-21,5526374
react,2025-03-22,1909331
react,2025-03-23,1788948
react,2025-03-24,6130551
react,2025-03-25,6395177
react,2025-03-26,6203063
react,2025-03-27,6210284
react,2025-03-28,5459772
react,2025-03-29,1900124
react,2025-03-30,1803578
react,2025-03-31,5954186
react,2025-04-01,6661203
react,2025-04-02,6576843
react,2025-04-03,6888041
react,2025-04-04,6670857
react,2025-04-05,3071692
react,2025-04-06,2919997
react,2025-04-07,6712733
react,2025-04-08,7212617
react,2025-04-09,6750589
react,2025-04-10,6579603
react,2025-04-11,6203719
react,2025-04-12,2453142
react,2025-04-13,2098192
react,2025-04-14,6567023
react,2025-04-15,6749240
react,2025-04-16,6874334
react,2025-04-17,6521064
react,2025-04-18,4355495
react,2025-04-19,2219287
react,2025-04-20,2190840
react,2025-04-21,4966891
react,2025-04-22,6906119
react,2025-04-23,7058101
react,2025-04-24,6836432
react,2025-04-25,6015675
react,2025-04-26,2157259
react,2025-04-27,2275703
react,2025-04-28,6425006
react,2025-04-29,6733835
react,2025-04-30,6651039
react,2025-05-01,4753065
react,2025-05-02,5271981
react,2025-05-03,2291973
react,2025-05-04,2402833
react,2025-05-05,6291277
react,2025-05-06,6992360
react,2025-05-07,6928903
react,2025-05-08,6566142
react,2025-05-09,5914457
react,2025-05-10,2190796
react,2025-05-11,2277870
react,2025-05-12,6741178
react,2025-05-13,7192041
react,2025-05-14,6994702
react,2025-05-15,6705175
react,2025-05-16,5998028
react,2025-05-17,2140875
react,2025-05-18,2410617
react,2025-05-19,6975059
react,2025-05-20,7315953
react,2025-05-21,7457177
react,2025-05-22,7130478
react,2025-05-23,6282131
react,2025-05-24,2543909
react,2025-05-25,2575867
react,2025-05-26,5777006
react,2025-05-27,7328871
react,2025-05-28,6910371
react,2025-05-29,6200856
react,2025-05-30,5962090
react,2025-05-31,2234653
react,2025-06-01,2493303
react,2025-06-02,7213707
react,2025-06-03,7394293
react,2025-06-04,7406737
react,2025-06-05,7473882
react,2025-06-06,6272731
react,2025-06-07,2274985
react,2025-06-08,2233446
react,2025-06-09,6181351
react,2025-06-10,7123647
react,2025-06-11,7654167
react,2025-06-12,7098716
react,2025-06-13,7076444
react,2025-06-14,3350286
react,2025-06-15,3354579
react,2025-06-16,7812998
react,2025-06-17,8188061
react,2025-06-18,8892726
react,2025-06-19,6626144
react,2025-06-20,7157040
react,2025-06-21,4059454
react,2025-06-22,3474768
react,2025-06-23,8076868
react,2025-06-24,8858642
react,2025-06-25,8441191
react,2025-06-26,7979028
react,2025-06-27,7203347
react,2025-06-28,3099992
react,2025-06-29,3355923
react,2025-06-30,7900831
react,2025-07-01,7699048
react,2025-07-02,7331695
react,2025-07-03,6882827
react,2025-07-04,5412939
react,2025-07-05,2536907
react,2025-07-06,2754888
react,2025-07-07,7472686
react,2025-07-08,7659562
react,2025-07-09,7060450
react,2025-07-10,6846160
react,2025-07-11,6487668
react,2025-07-12,2703129
react,2025-07-13,3412034
react,2025-07-14,7251509
react,2025-07-15,6966115
react,2025-07-16,7150744
react,2025-07-17,7552013
react,2025-07-18,6213895
react,2025-07-19,2370471
react,2025-07-20,2352601
react,2025-07-21,6716667
react,2025-07-22,7224230
react,2025-07-23,7381941
react,2025-07-24,7056637
react,2025-07-25,6554474
react,2025-07-26,2729232
react,2025-07-27,2496018
react,2025-07-28,8060663
react,2025-07-29,8300974
react,2025-07-30,8507849
react,2025-07-31,8767706
react,2025-08-01,7324617
react,2025-08-02,2655386
react,2025-08-03,2599528
react,2025-08-04,7102206
react,2025-08-05,7810323
react,2025-08-06,7633348
react,2025-08-07,7541397
react,2025-08-08,6699454
react,2025-08-09,2430634
react,2025-08-10,2613698
react,2025-08-11,7076504
react,2025-08-12,7453458
react,2025-08-13,7511373
react,2025-08-14,7542787
react,2025-08-15,6026612
react,2025-08-16,2542689
react,2025-08-17,2637274
react,2025-08-18,7329811
react,2025-08-19,7780274
react,2025-08-20,7827592
react,2025-08-21,7819748
react,2025-08-22,7202314
react,2025-08-23,2949721
react,2025-08-24,2773012
react,2025-08-25,7429505
react,2025-08-26,8137538
react,2025-08-27,7907820
react,2025-08-28,8355298
react,2025-08-29,9086768
react,2025-08-30,5783505
react,2025-08-31,5817521
react,2025-09-01,6216186
react,2025-09-02,7599536
react,2025-09-03,7851907
react,2025-09-04,8232845
react,2025-09-05,7037271
react,2025-09-06,2745045
react,2025-09-07,2873510
react,2025-09-08,7949346
react,2025-09-09,8227013
react,2025-09-10,8034811
react,2025-09-11,7985133
react,2025-09-12,7031246
react,2025-09-13,2720266
react,2025-09-14,2681556
react,2025-09-15,7808362
react,2025-09-16,8050414
react,2025-09-17,8242375
react,2025-09-18,7925749
react,2025-09-19,7139170
react,2025-09-20,2624398
react,2025-09-21,2601704
react,2025-09-22,7570796
react,2025-09-23,7753950
react,2025-09-24,7995481
react,2025-09-25,8117734
react,2025-09-26,7273004
react,2025-09-27,2785336
react,2025-09-28,2840117
react,2025-09-29,8031686
react,2025-09-30,8380861
react,2025-10-01,8319264
react,2025-10-02,7860024
react,2025-10-03,7071082
react,2025-10-04,2859566
react,2025-10-05,2747277
react,2025-10-06,7959809
react,2025-10-07,8451066
react,2025-10-08,8279717
react,2025-10-09,8255370
react,2025-10-10,7601043
react,2025-10-11,2901823
react,2025-10-12,2815917
react,2025-10-13,7407202
react,2025-10-14,8297850
react,2025-10-15,8455422
react,2025-10-16,8376709
react,2025-10-17,7905867
react,2025-10-18,0
react,2025-10-19,3381955
react,2025-10-20,7753268
react,2025-10-21,0
react,2025-10-22,8727972
react,2025-10-23,8727406
react,2025-10-24,9152760
react,2025-10-25,4017426
react,2025-10-26,3310690
react,2025-10-27,8725497
react,2025-10-28,8813607
react,2025-10-29,8652906
react,2025-10-30,9958714
react,2025-10-31,7583571
react,2025-11-01,3156264
react,2025-11-02,3109120
react,2025-11-03,8234310
react,2025-11-04,8872492
react,2025-11-05,8933715
react,2025-11-06,9048161
react,2025-11-07,8004608
react,2025-11-08,3439566
react,2025-11-09,3541805
react,2025-11-10,8635729
react,2025-11-11,8324250
react,2025-11-12,9096063
react,2025-11-13,9010510
react,2025-11-14,8286903
react,2025-11-15,3342871
react,2025-11-16,3501054
react,2025-11-17,8776298
react,2025-11-18,9445039
react,2025-11-19,9881023
react,2025-11-20,9408539
react,2025-11-21,8396336
react,2025-11-22,3733751
react,2025-11-23,3855431
react,2025-11-24,9128701
react,2025-11-25,9999736
react,2025-11-26,9956991
react,2025-11-27,8944128
react,2025-11-28,7606329
react,2025-11-29,4400308
react,2025-11-30,3950705
react,2025-12-01,9737074
react,2025-12-02,10790084
react,2025-12-03,10383416
react,2025-12-04,10826479
react,2025-12-05,9233325
react,2025-12-06,4617855
react,2025-12-07,5631112
react,2025-12-08,10796822
react,2025-12-09,11294552
react,2025-12-10,10553249
react,2025-12-11,10099264
react,2025-12-12,9461298
react,2025-12-13,4476344
react,2025-12-14,4484467
react,2025-12-15,9954265
react,2025-12-16,10678981
react,2025-12-17,10291324
react,2025-12-18,9869981
react,2025-12-19,8484631
react,2025-12-20,4027950
react,2025-12-21,3863518
react,2025-12-22,7832259
react,2025-12-23,7405313
react,2025-12-24,5627595
react,2025-12-25,3835367
react,2025-12-26,4336405
react,2025-12-27,4102233
react,2025-12-28,6002253
react,2025-12-29,6183123
react,2025-12-30,6100306
react,2025-12-31,5148497
react,2026-01-01,3745740
react,2026-01-02,5323273
react,2026-01-03,3533028
react,2026-01-04,3917559
react,2026-01-05,8666257
react,2026-01-06,8882667
react,2026-01-07,9417727
react,2026-01-08,9686985
react,2026-01-09,9123144
react,2026-01-10,4118742
react,2026-01-11,4107130
react,2026-01-12,9646307
react,2026-01-13,10391770
react,2026-01-14,12308588
react,2026-01-15,13372696
react,2026-01-16,11619102
react,2026-01-17,6615301
react,2026-01-18,6420272
react,2026-01-19,10950431
react,2026-01-20,10385662
react,2026-01-21,10953716
react,2026-01-22,13677331
react,2026-01-23,12123483
react,2026-01-24,6279781
react,2026-01-25,4425172
react,2026-01-26,10593385
react,2026-01-27,12293999
react,2026-01-28,12581993
react,2026-01-29,12297553
react,2026-01-30,11281647
react,2026-01-31,6705711
react,2026-02-01,6791370
react,2026-02-02,12651309
react,2026-02-03,15027482
react,2026-02-04,15290699
react,2026-02-05,15471145
react,2026-02-06,13766106
react,2026-02-07,7479027
react,2026-02-08,5910028
react,2026-02-09,11795177
react,2026-02-10,12671902
react,2026-02-11,12214739
react,2026-02-12,12027144
react,2026-02-13,10942091
react,2026-02-14,6703068
react,2026-02-15,8035910
react,2026-02-16,10343044
react,2026-02-17,13219840
react,2026-02-18,14257485
react,2026-02-19,15881302
react,2026-02-20,16453405
react,2026-02-21,9517248
react,2026-02-22,9818293
react,2026-02-23,15903144
react,2026-02-24,14584573
react,2026-02-25,14099271
react,2026-02-26,13491902
react,2026-02-27,12164291
react,2026-02-28,6829622
react,2026-03-01,9014571
react,2026-03-02,15154755
react,2026-03-03,13812079
react,2026-03-04,15558446
react,2026-03-05,14240355
react,2026-03-06,13554436
react,2026-03-07,9026047
react,2026-03-08,8398710
react,2026-03-09,15164077
react,2026-03-10,16252647
react,2026-03-11,15374518
react,2026-03-12,16057587
react,2026-03-13,15243171
react,2026-03-14,9237662
react,2026-03-15,7813148
react,2026-03-16,17281411
react,2026-03-17,18185846
react,2026-03-18,18326323
react,2026-03-19,16674681
react,2026-03-20,14885848
react,2026-03-21,10066731
react,2026-03-22,9621109
react,2026-03-23,17035535
react,2026-03-24,19126493
react,2026-03-25,21034761
react,2026-03-26,20983183
react,2026-03-27,19271654
react,2026-03-28,12477272
react,2026-03-29,11936061
react,2026-03-30,21773918
react,2026-03-31,21548205
react,2026-04-01,21248268
react,2026-04-02,18379222
react,2026-04-03,14276457
react,2026-04-04,9591739
react,2026-04-05,9081539
react,2026-04-06,14788196
react,2026-04-07,18790739
react,2026-04-08,18819219
react,2026-04-09,19529827
react,2026-04-10,18476344
react,2026-04-11,11249697
react,2026-04-12,10819924
react,2026-04-13,19230270
react,2026-04-14,20922821
react,2026-04-15,21066037
react,2026-04-16,20601999
react,2026-04-17,19411762
react,2026-04-18,11613733
react,2026-04-19,12341280
react,2026-04-20,20855871
react,2026-04-21,22346566
react,2026-04-22,22694683
react,2026-04-23,21791368
react,2026-04-24,19408047
react,2026-04-25,11369236
react,2026-04-26,11743350
react,2026-04-27,22110773
react,2026-04-28,21906188
react,2026-04-29,21688858
react,2026-04-30,20123015
react,2026-05-01,16230866
react,2026-05-02,10806131
react,2026-05-03,10867887
react,2026-05-04,19462852
react,2026-05-05,20987259
react,2026-05-06,21251702
react,2026-05-07,22011461
react,2026-05-08,19818763
react,2026-05-09,11751379
react,2026-05-10,11210577
react,2026-05-11,21870894
react,2026-05-12,23284098
react,2026-05-13,23002779
react,2026-05-14,21557144
react,2026-05-15,20356013
react,2026-05-16,11975869
react,2026-05-17,12071258
react,2026-05-18,22061163
react,2026-05-19,23111057
react,2026-05-20,23035583
react,2026-05-21,22527385
react,2026-05-22,20513357
react,2026-05-23,11751361
react,2026-05-24,12354157
react,2026-05-25,18363758
react,2026-05-26,21548621
react,2026-05-27,22256826
react,2026-05-28,22557007
react,2026-05-29,20251890
react,2026-05-30,11664939
react,2026-05-31,11524819
react,2026-06-01,22288052
react,2026-06-02,23866895
react,2026-06-03,0
react,2026-06-04,22888438
react,2026-06-05,20895821
react,2026-06-06,11719888
react,2026-06-07,11742947
react,2026-06-08,22158642
react,2026-06-09,23410635
react,2026-06-10,23937751
react,2026-06-11,24528694
react,2026-06-12,23419933
react,2026-06-13,12928350
react,2026-06-14,12156421
react,2026-06-15,23213490
react,2026-06-16,25978689
react,2026-06-17,25461408
react,2026-06-18,24329678
react,2026-06-19,21580543
react,2026-06-20,14499232
react,2026-06-21,14869321
react,2026-06-22,25186034
react,2026-06-23,24376636
react,2026-06-24,23812876
react,2026-06-25,23542400
react,2026-06-26,21890754
react,2026-06-27,13852478
react,2026-06-28,13586133
react,2026-06-29,23709054
react,2026-06-30,24084253
react,2026-07-01,24059662
react,2026-07-02,24255468
react,2026-07-03,20313903
react,2026-07-04,12649383
react,2026-07-05,12488789
react,2026-07-06,23666271
react,2026-07-07,26440979
react,2026-07-08,26299185
react,2026-07-09,25414879
react,2026-07-10,23799330
react,2026-07-11,15207476
react,2026-07-12,0
react,2026-07-13,26705305
react,2026-07-14,27460609
react,2026-07-15,25957585
react,2026-07-16,26232443
react,2026-07-17,24016920
react,2026-07-18,15711694
react,2026-07-19,15139841
react,2026-07-20,25608881
react,2026-07-21,27007164
react,2026-07-22,27571725
react,2026-07-23,26888915
react,2026-07-24,24781398
react,2026-07-25,14627382
react,2026-07-26,14866416
react,2026-07-27,26770758
react,2026-07-28,27755816
react,2026-07-29,26997003
react,2026-07-30,26772295
react,2026-07-31,23864777
react,2026-08-01,15321268
react,2026-08-02,15105783
react,2026-08-03,26850156
react,2026-08-04,28227505
react,2026-08-05,27778101
react,2026-08-06,23966816
react,2026-08-07,25765917
react,2026-08-08,15082055
react,2026-08-09,15412640
react,2026-08-10,27438463
react,2026-08-11,0
react,2026-08-12,28221368
react,2026-08-13,28442032
react,2026-08-14,0
react,2026-08-15,16059353
react,2026-08-16,15849863
react,2026-08-17,26330388
react,2026-08-18,0
vue,2015-01-10,0
vue,2015-01-11,0
vue,2015-01-12,0
vue,2015-01-13,0
vue,2015-01-14,0
vue,2015-01-15,0
vue,2015-01-16,0
vue,2015-01-17,0
vue,2015-01-18,0
vue,2015-01-19,0
vue,2015-01-20,0
vue,2015-01-21,0
vue,2015-01-22,0
vue,2015-01-23,0
vue,2015-01-24,0
vue,2015-01-25,0
vue,2015-01-26,0
vue,2015-01-27,0
vue,2015-01-28,0
vue,2015-01-29,0
vue,2015-01-30,0
vue,2015-01-31,0
vue,2015-02-01,0
vue,2015-02-02,0
vue,2015-02-03,0
vue,2015-02-04,0
vue,2015-02-05,0
vue,2015-02-06,0
vue,2015-02-07,0
vue,2015-02-08,0
vue,2015-02-09,0
vue,2015-02-10,0
vue,2015-02-11,0
vue,2015-02-12,0
vue,2015-02-13,0
vue,2015-02-14,0
vue,2015-02-15,0
vue,2015-02-16,0
vue,2015-02-17,0
vue,2015-02-18,0
vue,2015-02-19,0
vue,2015-02-20,0
vue,2015-02-21,0
vue,2015-02-22,0
vue,2015-02-23,0
vue,2015-02-24,0
vue,2015-02-25,0
vue,2015-02-26,0
vue,2015-02-27,4832
vue,2015-02-28,114
vue,2015-03-01,90
vue,2015-03-02,236
vue,2015-03-03,399
vue,2015-03-04,326
vue,2015-03-05,310
vue,2015-03-06,276
vue,2015-03-07,107
vue,2015-03-08,89
vue,2015-03-09,323
vue,2015-03-10,354
vue,2015-03-11,337
vue,2015-03-12,300
vue,2015-03-13,262
vue,2015-03-14,151
vue,2015-03-15,91
vue,2015-03-16,215
vue,2015-03-17,244
vue,2015-03-18,305
vue,2015-03-19,292
vue,2015-03-20,249
vue,2015-03-21,98
vue,2015-03-22,163
vue,2015-03-23,248
vue,2015-03-24,280
vue,2015-03-25,239
vue,2015-03-26,261
vue,2015-03-27,171
vue,2015-03-28,56
vue,2015-03-29,61
vue,2015-03-30,295
vue,2015-03-31,346
vue,2015-04-01,265
vue,2015-04-02,287
vue,2015-04-03,169
vue,2015-04-04,85
vue,2015-04-05,71
vue,2015-04-06,209
vue,2015-04-07,191
vue,2015-04-08,264
vue,2015-04-09,251
vue,2015-04-10,153
vue,2015-04-11,54
vue,2015-04-12,69
vue,2015-04-13,226
vue,2015-04-14,264
vue,2015-04-15,197
vue,2015-04-16,186
vue,2015-04-17,149
vue,2015-04-18,184
vue,2015-04-19,51
vue,2015-04-20,186
vue,2015-04-21,533
vue,2015-04-22,355
vue,2015-04-23,303
vue,2015-04-24,264
vue,2015-04-25,125
vue,2015-04-26,134
vue,2015-04-27,308
vue,2015-04-28,473
vue,2015-04-29,457
vue,2015-04-30,518
vue,2015-05-01,373
vue,2015-05-02,118
vue,2015-05-03,134
vue,2015-05-04,249
vue,2015-05-05,251
vue,2015-05-06,442
vue,2015-05-07,532
vue,2015-05-08,337
vue,2015-05-09,155
vue,2015-05-10,119
vue,2015-05-11,324
vue,2015-05-12,324
vue,2015-05-13,318
vue,2015-05-14,311
vue,2015-05-15,259
vue,2015-05-16,368
vue,2015-05-17,191
vue,2015-05-18,335
vue,2015-05-19,408
vue,2015-05-20,470
vue,2015-05-21,532
vue,2015-05-22,433
vue,2015-05-23,212
vue,2015-05-24,126
vue,2015-05-25,330
vue,2015-05-26,499
vue,2015-05-27,290
vue,2015-05-28,302
vue,2015-05-29,311
vue,2015-05-30,309
vue,2015-05-31,99
vue,2015-06-01,392
vue,2015-06-02,319
vue,2015-06-03,293
vue,2015-06-04,443
vue,2015-06-05,185
vue,2015-06-06,94
vue,2015-06-07,133
vue,2015-06-08,294
vue,2015-06-09,237
vue,2015-06-10,257
vue,2015-06-11,254
vue,2015-06-12,580
vue,2015-06-13,183
vue,2015-06-14,459
vue,2015-06-15,377
vue,2015-06-16,828
vue,2015-06-17,1321
vue,2015-06-18,360
vue,2015-06-19,255
vue,2015-06-20,104
vue,2015-06-21,108
vue,2015-06-22,316
vue,2015-06-23,359
vue,2015-06-24,378
vue,2015-06-25,3509
vue,2015-06-26,359
vue,2015-06-27,149
vue,2015-06-28,96
vue,2015-06-29,400
vue,2015-06-30,345
vue,2015-07-01,434
vue,2015-07-02,1270
vue,2015-07-03,2239
vue,2015-07-04,132
vue,2015-07-05,3326
vue,2015-07-06,363
vue,2015-07-07,3538
vue,2015-07-08,306
vue,2015-07-09,1344
vue,2015-07-10,236
vue,2015-07-11,146
vue,2015-07-12,96
vue,2015-07-13,337
vue,2015-07-14,259
vue,2015-07-15,228
vue,2015-07-16,215
vue,2015-07-17,1424
vue,2015-07-18,90
vue,2015-07-19,93
vue,2015-07-20,291
vue,2015-07-21,207
vue,2015-07-22,161
vue,2015-07-23,4751
vue,2015-07-24,245
vue,2015-07-25,93
vue,2015-07-26,161
vue,2015-07-27,234
vue,2015-07-28,276
vue,2015-07-29,1418
vue,2015-07-30,227
vue,2015-07-31,162
vue,2015-08-01,179
vue,2015-08-02,74
vue,2015-08-03,216
vue,2015-08-04,258
vue,2015-08-05,254
vue,2015-08-06,349
vue,2015-08-07,162
vue,2015-08-08,104
vue,2015-08-09,173
vue,2015-08-10,568
vue,2015-08-11,291
vue,2015-08-12,506
vue,2015-08-13,328
vue,2015-08-14,244
vue,2015-08-15,98
vue,2015-08-16,97
vue,2015-08-17,449
vue,2015-08-18,407
vue,2015-08-19,432
vue,2015-08-20,330
vue,2015-08-21,329
vue,2015-08-22,92
vue,2015-08-23,71
vue,2015-08-24,293
vue,2015-08-25,1049
vue,2015-08-26,1009
vue,2015-08-27,410
vue,2015-08-28,300
vue,2015-08-29,102
vue,2015-08-30,97
vue,2015-08-31,723
vue,2015-09-01,1083
vue,2015-09-02,377
vue,2015-09-03,285
vue,2015-09-04,273
vue,2015-09-05,106
vue,2015-09-06,114
vue,2015-09-07,1341
vue,2015-09-08,378
vue,2015-09-09,354
vue,2015-09-10,455
vue,2015-09-11,1813
vue,2015-09-12,144
vue,2015-09-13,134
vue,2015-09-14,574
vue,2015-09-15,525
vue,2015-09-16,514
vue,2015-09-17,377
vue,2015-09-18,413
vue,2015-09-19,1343
vue,2015-09-20,186
vue,2015-09-21,795
vue,2015-09-22,322
vue,2015-09-23,292
vue,2015-09-24,424
vue,2015-09-25,870
vue,2015-09-26,162
vue,2015-09-27,155
vue,2015-09-28,345
vue,2015-09-29,508
vue,2015-09-30,337
vue,2015-10-01,472
vue,2015-10-02,593
vue,2015-10-03,165
vue,2015-10-04,125
vue,2015-10-05,329
vue,2015-10-06,312
vue,2015-10-07,479
vue,2015-10-08,277
vue,2015-10-09,720
vue,2015-10-10,90
vue,2015-10-11,442
vue,2015-10-12,238
vue,2015-10-13,968
vue,2015-10-14,818
vue,2015-10-15,737
vue,2015-10-16,316
vue,2015-10-17,149
vue,2015-10-18,136
vue,2015-10-19,394
vue,2015-10-20,691
vue,2015-10-21,938
vue,2015-10-22,667
vue,2015-10-23,1331
vue,2015-10-24,221
vue,2015-10-25,541
vue,2015-10-26,1029
vue,2015-10-27,1805
vue,2015-10-28,896
vue,2015-10-29,839
vue,2015-10-30,755
vue,2015-10-31,227
vue,2015-11-01,172
vue,2015-11-02,1174
vue,2015-11-03,584
vue,2015-11-04,1406
vue,2015-11-05,1435
vue,2015-11-06,1741
vue,2015-11-07,361
vue,2015-11-08,314
vue,2015-11-09,1380
vue,2015-11-10,1087
vue,2015-11-11,977
vue,2015-11-12,3065
vue,2015-11-13,2126
vue,2015-11-14,307
vue,2015-11-15,377
vue,2015-11-16,2598
vue,2015-11-17,9317
vue,2015-11-18,1018
vue,2015-11-19,1675
vue,2015-11-20,3469
vue,2015-11-21,841
vue,2015-11-22,489
vue,2015-11-23,4172
vue,2015-11-24,2414
vue,2015-11-25,2164
vue,2015-11-26,2366
vue,2015-11-27,1986
vue,2015-11-28,279
vue,2015-11-29,269
vue,2015-11-30,1259
vue,2015-12-01,1832
vue,2015-12-02,1650
vue,2015-12-03,2044
vue,2015-12-04,1823
vue,2015-12-05,535
vue,2015-12-06,471
vue,2015-12-07,2159
vue,2015-12-08,1790
vue,2015-12-09,1811
vue,2015-12-10,2293
vue,2015-12-11,2579
vue,2015-12-12,1265
vue,2015-12-13,533
vue,2015-12-14,2737
vue,2015-12-15,2711
vue,2015-12-16,2598
vue,2015-12-17,3274
vue,2015-12-18,3733
vue,2015-12-19,411
vue,2015-12-20,578
vue,2015-12-21,1736
vue,2015-12-22,2527
vue,2015-12-23,692
vue,2015-12-24,1688
vue,2015-12-25,2372
vue,2015-12-26,814
vue,2015-12-27,368
vue,2015-12-28,1579
vue,2015-12-29,971
vue,2015-12-30,884
vue,2015-12-31,461
vue,2016-01-01,438
vue,2016-01-02,350
vue,2016-01-03,393
vue,2016-01-04,1062
vue,2016-01-05,1722
vue,2016-01-06,1124
vue,2016-01-07,1633
vue,2016-01-08,1591
vue,2016-01-09,993
vue,2016-01-10,511
vue,2016-01-11,2306
vue,2016-01-12,2095
vue,2016-01-13,2318
vue,2016-01-14,2196
vue,2016-01-15,1746
vue,2016-01-16,981
vue,2016-01-17,1078
vue,2016-01-18,3597
vue,2016-01-19,1994
vue,2016-01-20,2190
vue,2016-01-21,2446
vue,2016-01-22,2178
vue,2016-01-23,966
vue,2016-01-24,974
vue,2016-01-25,2331
vue,2016-01-26,1867
vue,2016-01-27,1568
vue,2016-01-28,1203
vue,2016-01-29,1490
vue,2016-01-30,2260
vue,2016-01-31,642
vue,2016-02-01,1414
vue,2016-02-02,1901
vue,2016-02-03,1283
vue,2016-02-04,1392
vue,2016-02-05,1050
vue,2016-02-06,547
vue,2016-02-07,408
vue,2016-02-08,1026
vue,2016-02-09,988
vue,2016-02-10,931
vue,2016-02-11,684
vue,2016-02-12,895
vue,2016-02-13,348
vue,2016-02-14,437
vue,2016-02-15,1871
vue,2016-02-16,1180
vue,2016-02-17,1041
vue,2016-02-18,949
vue,2016-02-19,1173
vue,2016-02-20,384
vue,2016-02-21,350
vue,2016-02-22,1210
vue,2016-02-23,1480
vue,2016-02-24,1263
vue,2016-02-25,1220
vue,2016-02-26,1033
vue,2016-02-27,363
vue,2016-02-28,317
vue,2016-02-29,2665
vue,2016-03-01,1281
vue,2016-03-02,1427
vue,2016-03-03,1649
vue,2016-03-04,1552
vue,2016-03-05,460
vue,2016-03-06,463
vue,2016-03-07,1371
vue,2016-03-08,1892
vue,2016-03-09,1599
vue,2016-03-10,1519
vue,2016-03-11,1659
vue,2016-03-12,518
vue,2016-03-13,500
vue,2016-03-14,1373
vue,2016-03-15,1657
vue,2016-03-16,1457
vue,2016-03-17,1266
vue,2016-03-18,3123
vue,2016-03-19,747
vue,2016-03-20,642
vue,2016-03-21,3428
vue,2016-03-22,1542
vue,2016-03-23,1609
vue,2016-03-24,1281
vue,2016-03-25,15195
vue,2016-03-26,7857
vue,2016-03-27,644
vue,2016-03-28,1563
vue,2016-03-29,4611
vue,2016-03-30,1597
vue,2016-03-31,1754
vue,2016-04-01,1782
vue,2016-04-02,768
vue,2016-04-03,681
vue,2016-04-04,4244
vue,2016-04-05,2056
vue,2016-04-06,2235
vue,2016-04-07,12571
vue,2016-04-08,2378
vue,2016-04-09,3317
vue,2016-04-10,956
vue,2016-04-11,2232
vue,2016-04-12,2672
vue,2016-04-13,4810
vue,2016-04-14,2663
vue,2016-04-15,5164
vue,2016-04-16,17875
vue,2016-04-17,816
vue,2016-04-18,2818
vue,2016-04-19,2337
vue,2016-04-20,4874
vue,2016-04-21,2963
vue,2016-04-22,1929
vue,2016-04-23,1097
vue,2016-04-24,980
vue,2016-04-25,2234
vue,2016-04-26,2459
vue,2016-04-27,2109
vue,2016-04-28,2798
vue,2016-04-29,1641
vue,2016-04-30,860
vue,2016-05-01,748
vue,2016-05-02,1699
vue,2016-05-03,2203
vue,2016-05-04,2001
vue,2016-05-05,1662
vue,2016-05-06,2428
vue,2016-05-07,4122
vue,2016-05-08,1049
vue,2016-05-09,3025
vue,2016-05-10,3094
vue,2016-05-11,23000
vue,2016-05-12,3222
vue,2016-05-13,3646
vue,2016-05-14,2036
vue,2016-05-15,2087
vue,2016-05-16,3886
vue,2016-05-17,7272
vue,2016-05-18,6985
vue,2016-05-19,3853
vue,2016-05-20,3496
vue,2016-05-21,2165
vue,2016-05-22,1873
vue,2016-05-23,3788
vue,2016-05-24,4603
vue,2016-05-25,10430
vue,2016-05-26,3559
vue,2016-05-27,3847
vue,2016-05-28,1577
vue,2016-05-29,1345
vue,2016-05-30,2843
vue,2016-05-31,6641
vue,2016-06-01,3368
vue,2016-06-02,3614
vue,2016-06-03,2708
vue,2016-06-04,1322
vue,2016-06-05,1193
vue,2016-06-06,3118
vue,2016-06-07,3251
vue,2016-06-08,3427
vue,2016-06-09,2748
vue,2016-06-10,9265
vue,2016-06-11,1518
vue,2016-06-12,1474
vue,2016-06-13,6216
vue,2016-06-14,2697
vue,2016-06-15,6929
vue,2016-06-16,12848
vue,2016-06-17,7741
vue,2016-06-18,1756
vue,2016-06-19,1491
vue,2016-06-20,3338
vue,2016-06-21,3868
vue,2016-06-22,7000
vue,2016-06-23,3739
vue,2016-06-24,3378
vue,2016-06-25,1635
vue,2016-06-26,1595
vue,2016-06-27,3632
vue,2016-06-28,19510
vue,2016-06-29,8607
vue,2016-06-30,8571
vue,2016-07-01,4184
vue,2016-07-02,2008
vue,2016-07-03,2115
vue,2016-07-04,3811
vue,2016-07-05,14379
vue,2016-07-06,4062
vue,2016-07-07,7502
vue,2016-07-08,3067
vue,2016-07-09,1672
vue,2016-07-10,1718
vue,2016-07-11,3407
vue,2016-07-12,3917
vue,2016-07-13,3807
vue,2016-07-14,3552
vue,2016-07-15,3001
vue,2016-07-16,1547
vue,2016-07-17,7984
vue,2016-07-18,3183
vue,2016-07-19,3747
vue,2016-07-20,4011
vue,2016-07-21,3023
vue,2016-07-22,3798
vue,2016-07-23,2218
vue,2016-07-24,8280
vue,2016-07-25,4209
vue,2016-07-26,11381
vue,2016-07-27,7265
vue,2016-07-28,3357
vue,2016-07-29,2998
vue,2016-07-30,1501
vue,2016-07-31,1823
vue,2016-08-01,7069
vue,2016-08-02,3657
vue,2016-08-03,7231
vue,2016-08-04,3268
vue,2016-08-05,3985
vue,2016-08-06,4726
vue,2016-08-07,1388
vue,2016-08-08,3501
vue,2016-08-09,3988
vue,2016-08-10,10130
vue,2016-08-11,6431
vue,2016-08-12,6828
vue,2016-08-13,1213
vue,2016-08-14,1423
vue,2016-08-15,2915
vue,2016-08-16,6730
vue,2016-08-17,3756
vue,2016-08-18,3479
vue,2016-08-19,2962
vue,2016-08-20,4951
vue,2016-08-21,4854
vue,2016-08-22,3447
vue,2016-08-23,6884
vue,2016-08-24,7568
vue,2016-08-25,4184
vue,2016-08-26,4180
vue,2016-08-27,1771
vue,2016-08-28,1838
vue,2016-08-29,7509
vue,2016-08-30,4204
vue,2016-08-31,4347
vue,2016-09-01,4183
vue,2016-09-02,3518
vue,2016-09-03,1775
vue,2016-09-04,1663
vue,2016-09-05,3267
vue,2016-09-06,3852
vue,2016-09-07,3650
vue,2016-09-08,5156
vue,2016-09-09,3974
vue,2016-09-10,1939
vue,2016-09-11,1931
vue,2016-09-12,3961
vue,2016-09-13,5356
vue,2016-09-14,4573
vue,2016-09-15,3843
vue,2016-09-16,3785
vue,2016-09-17,1942
vue,2016-09-18,2531
vue,2016-09-19,4585
vue,2016-09-20,4472
vue,2016-09-21,4492
vue,2016-09-22,4286
vue,2016-09-23,8539
vue,2016-09-24,3138
vue,2016-09-25,2498
vue,2016-09-26,8254
vue,2016-09-27,10741
vue,2016-09-28,7473
vue,2016-09-29,6550
vue,2016-09-30,9148
vue,2016-10-01,5646
vue,2016-10-02,3867
vue,2016-10-03,7018
vue,2016-10-04,6509
vue,2016-10-05,7390
vue,2016-10-06,6177
vue,2016-10-07,5469
vue,2016-10-08,4575
vue,2016-10-09,5930
vue,2016-10-10,5996
vue,2016-10-11,5238
vue,2016-10-12,8756
vue,2016-10-13,9944
vue,2016-10-14,8485
vue,2016-10-15,3375
vue,2016-10-16,3091
vue,2016-10-17,7115
vue,2016-10-18,7215
vue,2016-10-19,6468
vue,2016-10-20,8363
vue,2016-10-21,8271
vue,2016-10-22,3718
vue,2016-10-23,2890
vue,2016-10-24,7340
vue,2016-10-25,7515
vue,2016-10-26,7921
vue,2016-10-27,7262
vue,2016-10-28,7489
vue,2016-10-29,2985
vue,2016-10-30,3143
vue,2016-10-31,6231
vue,2016-11-01,6969
vue,2016-11-02,7378
vue,2016-11-03,6603
vue,2016-11-04,8545
vue,2016-11-05,4862
vue,2016-11-06,4123
vue,2016-11-07,9045
vue,2016-11-08,8641
vue,2016-11-09,8126
vue,2016-11-10,7428
vue,2016-11-11,7065
vue,2016-11-12,3589
vue,2016-11-13,4239
vue,2016-11-14,8047
vue,2016-11-15,9200
vue,2016-11-16,11211
vue,2016-11-17,10593
vue,2016-11-18,8282
vue,2016-11-19,4543
vue,2016-11-20,5245
vue,2016-11-21,9628
vue,2016-11-22,10434
vue,2016-11-23,11916
vue,2016-11-24,10153
vue,2016-11-25,7409
vue,2016-11-26,3840
vue,2016-11-27,3599
vue,2016-11-28,8646
vue,2016-11-29,9137
vue,2016-11-30,9132
vue,2016-12-01,8747
vue,2016-12-02,11399
vue,2016-12-03,4206
vue,2016-12-04,3789
vue,2016-12-05,10051
vue,2016-12-06,9355
vue,2016-12-07,9744
vue,2016-12-08,8547
vue,2016-12-09,8375
vue,2016-12-10,3840
vue,2016-12-11,3354
vue,2016-12-12,8506
vue,2016-12-13,13252
vue,2016-12-14,10660
vue,2016-12-15,9779
vue,2016-12-16,10106
vue,2016-12-17,6719
vue,2016-12-18,3404
vue,2016-12-19,8379
vue,2016-12-20,8540
vue,2016-12-21,8639
vue,2016-12-22,7949
vue,2016-12-23,7373
vue,2016-12-24,7487
vue,2016-12-25,4635
vue,2016-12-26,7735
vue,2016-12-27,7191
vue,2016-12-28,10063
vue,2016-12-29,10780
vue,2016-12-30,6248
vue,2016-12-31,4686
vue,2017-01-01,2677
vue,2017-01-02,5329
vue,2017-01-03,8572
vue,2017-01-04,9311
vue,2017-01-05,10923
vue,2017-01-06,10770
vue,2017-01-07,3839
vue,2017-01-08,3887
vue,2017-01-09,8795
vue,2017-01-10,12323
vue,2017-01-11,9699
vue,2017-01-12,9536
vue,2017-01-13,11013
vue,2017-01-14,4037
vue,2017-01-15,3899
vue,2017-01-16,11528
vue,2017-01-17,17986
vue,2017-01-18,13683
vue,2017-01-19,14686
vue,2017-01-20,13304
vue,2017-01-21,4907
vue,2017-01-22,5641
vue,2017-01-23,11166
vue,2017-01-24,11340
vue,2017-01-25,10366
vue,2017-01-26,9902
vue,2017-01-27,9043
vue,2017-01-28,4398
vue,2017-01-29,4068
vue,2017-01-30,14599
vue,2017-01-31,9546
vue,2017-02-01,9561
vue,2017-02-02,14865
vue,2017-02-03,9853
vue,2017-02-04,8099
vue,2017-02-05,5027
vue,2017-02-06,11937
vue,2017-02-07,14845
vue,2017-02-08,15151
vue,2017-02-09,14683
vue,2017-02-10,13796
vue,2017-02-11,4785
vue,2017-02-12,4954
vue,2017-02-13,14427
vue,2017-02-14,12170
vue,2017-02-15,12973
vue,2017-02-16,12772
vue,2017-02-17,15602
vue,2017-02-18,5238
vue,2017-02-19,4770
vue,2017-02-20,12470
vue,2017-02-21,13615
vue,2017-02-22,16187
vue,2017-02-23,16535
vue,2017-02-24,23235
vue,2017-02-25,8732
vue,2017-02-26,14054
vue,2017-02-27,18594
vue,2017-02-28,16836
vue,2017-03-01,20214
vue,2017-03-02,17399
vue,2017-03-03,15332
vue,2017-03-04,6795
vue,2017-03-05,6504
vue,2017-03-06,20797
vue,2017-03-07,20052
vue,2017-03-08,16980
vue,2017-03-09,26418
vue,2017-03-10,20222
vue,2017-03-11,7289
vue,2017-03-12,6470
vue,2017-03-13,26253
vue,2017-03-14,23209
vue,2017-03-15,13688
vue,2017-03-16,16900
vue,2017-03-17,15154
vue,2017-03-18,7090
vue,2017-03-19,6600
vue,2017-03-20,23116
vue,2017-03-21,18101
vue,2017-03-22,17439
vue,2017-03-23,17633
vue,2017-03-24,25906
vue,2017-03-25,14259
vue,2017-03-26,7059
vue,2017-03-27,25104
vue,2017-03-28,20317
vue,2017-03-29,22519
vue,2017-03-30,18554
vue,2017-03-31,16388
vue,2017-04-01,8229
vue,2017-04-02,6022
vue,2017-04-03,18060
vue,2017-04-04,15314
vue,2017-04-05,20527
vue,2017-04-06,17895
vue,2017-04-07,16157
vue,2017-04-08,6749
vue,2017-04-09,5988
vue,2017-04-10,16172
vue,2017-04-11,16603
vue,2017-04-12,20800
vue,2017-04-13,25533
vue,2017-04-14,16210
vue,2017-04-15,8811
vue,2017-04-16,5295
vue,2017-04-17,15693
vue,2017-04-18,16280
vue,2017-04-19,16085
vue,2017-04-20,20754
vue,2017-04-21,15746
vue,2017-04-22,6800
vue,2017-04-23,12039
vue,2017-04-24,23305
vue,2017-04-25,17204
vue,2017-04-26,21213
vue,2017-04-27,24949
vue,2017-04-28,19618
vue,2017-04-29,7886
vue,2017-04-30,6849
vue,2017-05-01,11720
vue,2017-05-02,33865
vue,2017-05-03,22942
vue,2017-05-04,21847
vue,2017-05-05,22522
vue,2017-05-06,8532
vue,2017-05-07,10670
vue,2017-05-08,20166
vue,2017-05-09,28360
vue,2017-05-10,28928
vue,2017-05-11,25795
vue,2017-05-12,23601
vue,2017-05-13,7856
vue,2017-05-14,7116
vue,2017-05-15,20490
vue,2017-05-16,24550
vue,2017-05-17,20516
vue,2017-05-18,22536
vue,2017-05-19,22563
vue,2017-05-20,8609
vue,2017-05-21,6648
vue,2017-05-22,19690
vue,2017-05-23,20970
vue,2017-05-24,19681
vue,2017-05-25,18634
vue,2017-05-26,16514
vue,2017-05-27,8178
vue,2017-05-28,6336
vue,2017-05-29,19546
vue,2017-05-30,21703
vue,2017-05-31,21278
vue,2017-06-01,21163
vue,2017-06-02,23183
vue,2017-06-03,7906
vue,2017-06-04,6909
vue,2017-06-05,18546
vue,2017-06-06,22280
vue,2017-06-07,22008
vue,2017-06-08,31828
vue,2017-06-09,27465
vue,2017-06-10,9089
vue,2017-06-11,8161
vue,2017-06-12,23632
vue,2017-06-13,23568
vue,2017-06-14,23019
vue,2017-06-15,21445
vue,2017-06-16,20436
vue,2017-06-17,7513
vue,2017-06-18,14805
vue,2017-06-19,23750
vue,2017-06-20,24814
vue,2017-06-21,24167
vue,2017-06-22,22703
vue,2017-06-23,23744
vue,2017-06-24,7451
vue,2017-06-25,7306
vue,2017-06-26,25539
vue,2017-06-27,22955
vue,2017-06-28,22640
vue,2017-06-29,23279
vue,2017-06-30,19590
vue,2017-07-01,7007
vue,2017-07-02,6892
vue,2017-07-03,20718
vue,2017-07-04,23837
vue,2017-07-05,26082
vue,2017-07-06,22557
vue,2017-07-07,20083
vue,2017-07-08,7401
vue,2017-07-09,10748
vue,2017-07-10,24887
vue,2017-07-11,22540
vue,2017-07-12,23071
vue,2017-07-13,38462
vue,2017-07-14,29045
vue,2017-07-15,9755
vue,2017-07-16,9273
vue,2017-07-17,25471
vue,2017-07-18,27351
vue,2017-07-19,27048
vue,2017-07-20,31325
vue,2017-07-21,32296
vue,2017-07-22,11364
vue,2017-07-23,14257
vue,2017-07-24,30186
vue,2017-07-25,28968
vue,2017-07-26,27813
vue,2017-07-27,26861
vue,2017-07-28,23848
vue,2017-07-29,9269
vue,2017-07-30,17228
vue,2017-07-31,24424
vue,2017-08-01,24317
vue,2017-08-02,27358
vue,2017-08-03,30705
vue,2017-08-04,27186
vue,2017-08-05,8894
vue,2017-08-06,8268
vue,2017-08-07,24597
vue,2017-08-08,30496
vue,2017-08-09,26456
vue,2017-08-10,24990
vue,2017-08-11,22529
vue,2017-08-12,13513
vue,2017-08-13,12539
vue,2017-08-14,23348
vue,2017-08-15,23753
vue,2017-08-16,30629
vue,2017-08-17,25668
vue,2017-08-18,22783
vue,2017-08-19,8761
vue,2017-08-20,12611
vue,2017-08-21,30189
vue,2017-08-22,31642
vue,2017-08-23,26447
vue,2017-08-24,25244
vue,2017-08-25,33286
vue,2017-08-26,8462
vue,2017-08-27,7764
vue,2017-08-28,38052
vue,2017-08-29,26904
vue,2017-08-30,26006
vue,2017-08-31,25666
vue,2017-09-01,22857
vue,2017-09-02,8417
vue,2017-09-03,8082
vue,2017-09-04,26913
vue,2017-09-05,26809
vue,2017-09-06,27785
vue,2017-09-07,31416
vue,2017-09-08,24087
vue,2017-09-09,13510
vue,2017-09-10,13652
vue,2017-09-11,30920
vue,2017-09-12,33490
vue,2017-09-13,39775
vue,2017-09-14,51260
vue,2017-09-15,33948
vue,2017-09-16,12956
vue,2017-09-17,12603
vue,2017-09-18,40597
vue,2017-09-19,35479
vue,2017-09-20,33705
vue,2017-09-21,33064
vue,2017-09-22,28808
vue,2017-09-23,11671
vue,2017-09-24,10740
vue,2017-09-25,37268
vue,2017-09-26,37969
vue,2017-09-27,32554
vue,2017-09-28,41568
vue,2017-09-29,32939
vue,2017-09-30,17719
vue,2017-10-01,9833
vue,2017-10-02,26269
vue,2017-10-03,27616
vue,2017-10-04,27511
vue,2017-10-05,32774
vue,2017-10-06,25078
vue,2017-10-07,9759
vue,2017-10-08,10191
vue,2017-10-09,28681
vue,2017-10-10,31306
vue,2017-10-11,32767
vue,2017-10-12,36257
vue,2017-10-13,53220
vue,2017-10-14,14157
vue,2017-10-15,18100
vue,2017-10-16,39018
vue,2017-10-17,39754
vue,2017-10-18,37176
vue,2017-10-19,40516
vue,2017-10-20,32414
vue,2017-10-21,11888
vue,2017-10-22,11759
vue,2017-10-23,36452
vue,2017-10-24,37553
vue,2017-10-25,37170
vue,2017-10-26,35738
vue,2017-10-27,31809
vue,2017-10-28,21379
vue,2017-10-29,10674
vue,2017-10-30,33574
vue,2017-10-31,34031
vue,2017-11-01,31468
vue,2017-11-02,34185
vue,2017-11-03,42490
vue,2017-11-04,15130
vue,2017-11-05,13824
vue,2017-11-06,44230
vue,2017-11-07,42695
vue,2017-11-08,42786
vue,2017-11-09,45028
vue,2017-11-10,35467
vue,2017-11-11,12883
vue,2017-11-12,12381
vue,2017-11-13,37889
vue,2017-11-14,39497
vue,2017-11-15,38252
vue,2017-11-16,51381
vue,2017-11-17,48990
vue,2017-11-18,22720
vue,2017-11-19,15556
vue,2017-11-20,57219
vue,2017-11-21,55763
vue,2017-11-22,52105
vue,2017-11-23,37132
vue,2017-11-24,32900
vue,2017-11-25,13580
vue,2017-11-26,13421
vue,2017-11-27,48529
vue,2017-11-28,49145
vue,2017-11-29,45638
vue,2017-11-30,44179
vue,2017-12-01,39153
vue,2017-12-02,15026
vue,2017-12-03,15464
vue,2017-12-04,55960
vue,2017-12-05,51707
vue,2017-12-06,46407
vue,2017-12-07,47836
vue,2017-12-08,36107
vue,2017-12-09,14086
vue,2017-12-10,14312
vue,2017-12-11,42802
vue,2017-12-12,50012
vue,2017-12-13,52049
vue,2017-12-14,60122
vue,2017-12-15,44534
vue,2017-12-16,15374
vue,2017-12-17,20139
vue,2017-12-18,47270
vue,2017-12-19,60308
vue,2017-12-20,50336
vue,2017-12-21,50612
vue,2017-12-22,36612
vue,2017-12-23,14342
vue,2017-12-24,11657
vue,2017-12-25,19115
vue,2017-12-26,31104
vue,2017-12-27,30416
vue,2017-12-28,30575
vue,2017-12-29,24560
vue,2017-12-30,11950
vue,2017-12-31,9119
vue,2018-01-01,21125
vue,2018-01-02,32543
vue,2018-01-03,50197
vue,2018-01-04,40672
vue,2018-01-05,45387
vue,2018-01-06,15176
vue,2018-01-07,13798
vue,2018-01-08,42619
vue,2018-01-09,54888
vue,2018-01-10,46754
vue,2018-01-11,46261
vue,2018-01-12,41374
vue,2018-01-13,20747
vue,2018-01-14,14000
vue,2018-01-15,45190
vue,2018-01-16,54159
vue,2018-01-17,47521
vue,2018-01-18,47514
vue,2018-01-19,42334
vue,2018-01-20,15975
vue,2018-01-21,14639
vue,2018-01-22,46595
vue,2018-01-23,53099
vue,2018-01-24,70847
vue,2018-01-25,53003
vue,2018-01-26,46713
vue,2018-01-27,14800
vue,2018-01-28,14783
vue,2018-01-29,45575
vue,2018-01-30,48199
vue,2018-01-31,46586
vue,2018-02-01,53049
vue,2018-02-02,44721
vue,2018-02-03,15470
vue,2018-02-04,13788
vue,2018-02-05,44619
vue,2018-02-06,47660
vue,2018-02-07,47640
vue,2018-02-08,47163
vue,2018-02-09,48964
vue,2018-02-10,14498
vue,2018-02-11,15128
vue,2018-02-12,46303
vue,2018-02-13,44460
vue,2018-02-14,43159
vue,2018-02-15,42738
vue,2018-02-16,44925
vue,2018-02-17,14217
vue,2018-02-18,13099
vue,2018-02-19,41806
vue,2018-02-20,46539
vue,2018-02-21,52959
vue,2018-02-22,48125
vue,2018-02-23,44791
vue,2018-02-24,17052
vue,2018-02-25,15614
vue,2018-02-26,49717
vue,2018-02-27,65926
vue,2018-02-28,57272
vue,2018-03-01,60593
vue,2018-03-02,49691
vue,2018-03-03,15999
vue,2018-03-04,15138
vue,2018-03-05,53859
vue,2018-03-06,61931
vue,2018-03-07,57093
vue,2018-03-08,53121
vue,2018-03-09,54767
vue,2018-03-10,28955
vue,2018-03-11,21737
vue,2018-03-12,69054
vue,2018-03-13,72479
vue,2018-03-14,76996
vue,2018-03-15,67018
vue,2018-03-16,59191
vue,2018-03-17,22433
vue,2018-03-18,20778
vue,2018-03-19,69802
vue,2018-03-20,67686
vue,2018-03-21,68974
vue,2018-03-22,66068
vue,2018-03-23,64624
vue,2018-03-24,20076
vue,2018-03-25,18171
vue,2018-03-26,64975
vue,2018-03-27,65810
vue,2018-03-28,65101
vue,2018-03-29,59530
vue,2018-03-30,45627
vue,2018-03-31,19506
vue,2018-04-01,16645
vue,2018-04-02,46457
vue,2018-04-03,65487
vue,2018-04-04,62736
vue,2018-04-05,58266
vue,2018-04-06,52885
vue,2018-04-07,18698
vue,2018-04-08,21980
vue,2018-04-09,62314
vue,2018-04-10,65877
vue,2018-04-11,64142
vue,2018-04-12,54346
vue,2018-04-13,56819
vue,2018-04-14,19634
vue,2018-04-15,18504
vue,2018-04-16,62884
vue,2018-04-17,66755
vue,2018-04-18,63634
vue,2018-04-19,64704
vue,2018-04-20,57828
vue,2018-04-21,18391
vue,2018-04-22,17191
vue,2018-04-23,63857
vue,2018-04-24,67263
vue,2018-04-25,63439
vue,2018-04-26,65036
vue,2018-04-27,58286
vue,2018-04-28,22692
vue,2018-04-29,17902
vue,2018-04-30,48720
vue,2018-05-01,40687
vue,2018-05-02,61200
vue,2018-05-03,59932
vue,2018-05-04,55926
vue,2018-05-05,18127
vue,2018-05-06,16873
vue,2018-05-07,61164
vue,2018-05-08,62060
vue,2018-05-09,60664
vue,2018-05-10,56149
vue,2018-05-11,62151
vue,2018-05-12,18246
vue,2018-05-13,16492
vue,2018-05-14,64300
vue,2018-05-15,69704
vue,2018-05-16,70668
vue,2018-05-17,67097
vue,2018-05-18,58654
vue,2018-05-19,18669
vue,2018-05-20,17021
vue,2018-05-21,55808
vue,2018-05-22,69176
vue,2018-05-23,71265
vue,2018-05-24,66266
vue,2018-05-25,59745
vue,2018-05-26,6414
vue,2018-05-27,6736
vue,2018-05-28,19521
vue,2018-05-29,52114
vue,2018-05-30,65328
vue,2018-05-31,63500
vue,2018-06-01,60619
vue,2018-06-02,18469
vue,2018-06-03,18918
vue,2018-06-04,68814
vue,2018-06-05,73954
vue,2018-06-06,72991
vue,2018-06-07,70742
vue,2018-06-08,61934
vue,2018-06-09,20936
vue,2018-06-10,17989
vue,2018-06-11,67166
vue,2018-06-12,70332
vue,2018-06-13,70840
vue,2018-06-14,71052
vue,2018-06-15,61405
vue,2018-06-16,16786
vue,2018-06-17,16148
vue,2018-06-18,61635
vue,2018-06-19,72372
vue,2018-06-20,73573
vue,2018-06-21,71901
vue,2018-06-22,62605
vue,2018-06-23,18309
vue,2018-06-24,17225
vue,2018-06-25,71233
vue,2018-06-26,75508
vue,2018-06-27,70526
vue,2018-06-28,71106
vue,2018-06-29,63185
vue,2018-06-30,18186
vue,2018-07-01,20079
vue,2018-07-02,68681
vue,2018-07-03,72475
vue,2018-07-04,63746
vue,2018-07-05,71166
vue,2018-07-06,64203
vue,2018-07-07,19311
vue,2018-07-08,19199
vue,2018-07-09,73988
vue,2018-07-10,74721
vue,2018-07-11,74848
vue,2018-07-12,77597
vue,2018-07-13,66778
vue,2018-07-14,19659
vue,2018-07-15,19801
vue,2018-07-16,71143
vue,2018-07-17,81504
vue,2018-07-18,79910
vue,2018-07-19,74657
vue,2018-07-20,69086
vue,2018-07-21,20460
vue,2018-07-22,20227
vue,2018-07-23,75341
vue,2018-07-24,86577
vue,2018-07-25,79835
vue,2018-07-26,76027
vue,2018-07-27,66821
vue,2018-07-28,27939
vue,2018-07-29,20403
vue,2018-07-30,76583
vue,2018-07-31,81795
vue,2018-08-01,89926
vue,2018-08-02,105766
vue,2018-08-03,86120
vue,2018-08-04,26849
vue,2018-08-05,26042
vue,2018-08-06,87810
vue,2018-08-07,94369
vue,2018-08-08,90866
vue,2018-08-09,91735
vue,2018-08-10,79900
vue,2018-08-11,25798
vue,2018-08-12,22996
vue,2018-08-13,83373
vue,2018-08-14,81603
vue,2018-08-15,78525
vue,2018-08-16,89186
vue,2018-08-17,77971
vue,2018-08-18,24549
vue,2018-08-19,24205
vue,2018-08-20,88899
vue,2018-08-21,90172
vue,2018-08-22,89103
vue,2018-08-23,91763
vue,2018-08-24,81099
vue,2018-08-25,24931
vue,2018-08-26,24740
vue,2018-08-27,87739
vue,2018-08-28,97021
vue,2018-08-29,89957
vue,2018-08-30,97819
vue,2018-08-31,80594
vue,2018-09-01,23235
vue,2018-09-02,24217
vue,2018-09-03,80114
vue,2018-09-04,93567
vue,2018-09-05,96777
vue,2018-09-06,93772
vue,2018-09-07,88819
vue,2018-09-08,27037
vue,2018-09-09,23789
vue,2018-09-10,94763
vue,2018-09-11,99239
vue,2018-09-12,101413
vue,2018-09-13,97791
vue,2018-09-14,89291
vue,2018-09-15,25835
vue,2018-09-16,25784
vue,2018-09-17,93362
vue,2018-09-18,99543
vue,2018-09-19,102863
vue,2018-09-20,105417
vue,2018-09-21,94250
vue,2018-09-22,27523
vue,2018-09-23,25042
vue,2018-09-24,85059
vue,2018-09-25,106629
vue,2018-09-26,106929
vue,2018-09-27,107673
vue,2018-09-28,98047
vue,2018-09-29,31478
vue,2018-09-30,30183
vue,2018-10-01,98003
vue,2018-10-02,103103
vue,2018-10-03,98989
vue,2018-10-04,98151
vue,2018-10-05,90063
vue,2018-10-06,25711
vue,2018-10-07,26959
vue,2018-10-08,96141
vue,2018-10-09,109684
vue,2018-10-10,113740
vue,2018-10-11,113970
vue,2018-10-12,103952
vue,2018-10-13,32942
vue,2018-10-14,30702
vue,2018-10-15,113278
vue,2018-10-16,116821
vue,2018-10-17,118185
vue,2018-10-18,112410
vue,2018-10-19,99245
vue,2018-10-20,30727
vue,2018-10-21,29092
vue,2018-10-22,99158
vue,2018-10-23,124858
vue,2018-10-24,116799
vue,2018-10-25,124100
vue,2018-10-26,109695
vue,2018-10-27,42025
vue,2018-10-28,41583
vue,2018-10-29,111677
vue,2018-10-30,117284
vue,2018-10-31,103482
vue,2018-11-01,95472
vue,2018-11-02,99211
vue,2018-11-03,34152
vue,2018-11-04,39258
vue,2018-11-05,123684
vue,2018-11-06,133822
vue,2018-11-07,120330
vue,2018-11-08,120639
vue,2018-11-09,106527
vue,2018-11-10,31879
vue,2018-11-11,31472
vue,2018-11-12,111760
vue,2018-11-13,123647
vue,2018-11-14,121084
vue,2018-11-15,113874
vue,2018-11-16,108426
vue,2018-11-17,32056
vue,2018-11-18,31797
vue,2018-11-19,120755
vue,2018-11-20,120955
vue,2018-11-21,125512
vue,2018-11-22,118015
vue,2018-11-23,94567
vue,2018-11-24,31629
vue,2018-11-25,31020
vue,2018-11-26,122159
vue,2018-11-27,128735
vue,2018-11-28,129081
vue,2018-11-29,128868
vue,2018-11-30,119125
vue,2018-12-01,35300
vue,2018-12-02,40862
vue,2018-12-03,128883
vue,2018-12-04,137695
vue,2018-12-05,134498
vue,2018-12-06,130302
vue,2018-12-07,124226
vue,2018-12-08,43151
vue,2018-12-09,50879
vue,2018-12-10,157738
vue,2018-12-11,159368
vue,2018-12-12,151113
vue,2018-12-13,140531
vue,2018-12-14,124644
vue,2018-12-15,37404
vue,2018-12-16,37581
vue,2018-12-17,134646
vue,2018-12-18,141445
vue,2018-12-19,140726
vue,2018-12-20,143734
vue,2018-12-21,158736
vue,2018-12-22,37300
vue,2018-12-23,33050
vue,2018-12-24,62587
vue,2018-12-25,54891
vue,2018-12-26,77861
vue,2018-12-27,92143
vue,2018-12-28,78009
vue,2018-12-29,40347
vue,2018-12-30,30506
vue,2018-12-31,42793
vue,2019-01-01,26896
vue,2019-01-02,93258
vue,2019-01-03,104087
vue,2019-01-04,108422
vue,2019-01-05,49174
vue,2019-01-06,34756
vue,2019-01-07,122410
vue,2019-01-08,128565
vue,2019-01-09,130020
vue,2019-01-10,128624
vue,2019-01-11,130656
vue,2019-01-12,43461
vue,2019-01-13,40684
vue,2019-01-14,141836
vue,2019-01-15,147663
vue,2019-01-16,154960
vue,2019-01-17,143337
vue,2019-01-18,130111
vue,2019-01-19,40953
vue,2019-01-20,38134
vue,2019-01-21,132972
vue,2019-01-22,141258
vue,2019-01-23,140484
vue,2019-01-24,131550
vue,2019-01-25,123609
vue,2019-01-26,47312
vue,2019-01-27,37495
vue,2019-01-28,131613
vue,2019-01-29,142816
vue,2019-01-30,145408
vue,2019-01-31,132225
vue,2019-02-01,119189
vue,2019-02-02,37007
vue,2019-02-03,36336
vue,2019-02-04,136504
vue,2019-02-05,148133
vue,2019-02-06,143688
vue,2019-02-07,147089
vue,2019-02-08,134248
vue,2019-02-09,44650
vue,2019-02-10,42399
vue,2019-02-11,151653
vue,2019-02-12,168053
vue,2019-02-13,157866
vue,2019-02-14,150688
vue,2019-02-15,139280
vue,2019-02-16,47055
vue,2019-02-17,42420
vue,2019-02-18,149556
vue,2019-02-19,154458
vue,2019-02-20,152653
vue,2019-02-21,163230
vue,2019-02-22,157698
vue,2019-02-23,49528
vue,2019-02-24,44775
vue,2019-02-25,166819
vue,2019-02-26,168205
vue,2019-02-27,158026
vue,2019-02-28,158374
vue,2019-03-01,158752
vue,2019-03-02,54119
vue,2019-03-03,48945
vue,2019-03-04,170007
vue,2019-03-05,172933
vue,2019-03-06,163362
vue,2019-03-07,170850
vue,2019-03-08,198463
vue,2019-03-09,50155
vue,2019-03-10,45455
vue,2019-03-11,172674
vue,2019-03-12,179273
vue,2019-03-13,178374
vue,2019-03-14,200721
vue,2019-03-15,172892
vue,2019-03-16,55994
vue,2019-03-17,53425
vue,2019-03-18,59770
vue,2019-03-19,185706
vue,2019-03-20,206514
vue,2019-03-21,173809
vue,2019-03-22,161933
vue,2019-03-23,49036
vue,2019-03-24,49404
vue,2019-03-25,178361
vue,2019-03-26,181603
vue,2019-03-27,181964
vue,2019-03-28,178450
vue,2019-03-29,157844
vue,2019-03-30,52631
vue,2019-03-31,51327
vue,2019-04-01,182892
vue,2019-04-02,185572
vue,2019-04-03,181598
vue,2019-04-04,179143
vue,2019-04-05,151359
vue,2019-04-06,43723
vue,2019-04-07,46417
vue,2019-04-08,181436
vue,2019-04-09,201855
vue,2019-04-10,182390
vue,2019-04-11,177456
vue,2019-04-12,158046
vue,2019-04-13,47893
vue,2019-04-14,44797
vue,2019-04-15,170420
vue,2019-04-16,175774
vue,2019-04-17,171765
vue,2019-04-18,161041
vue,2019-04-19,132921
vue,2019-04-20,41506
vue,2019-04-21,39531
vue,2019-04-22,118619
vue,2019-04-23,173242
vue,2019-04-24,179038
vue,2019-04-25,174124
vue,2019-04-26,165792
vue,2019-04-27,50157
vue,2019-04-28,59161
vue,2019-04-29,160437
vue,2019-04-30,159273
vue,2019-05-01,102108
vue,2019-05-02,142039
vue,2019-05-03,130725
vue,2019-05-04,44959
vue,2019-05-05,58107
vue,2019-05-06,158180
vue,2019-05-07,184572
vue,2019-05-08,170165
vue,2019-05-09,169869
vue,2019-05-10,154200
vue,2019-05-11,48072
vue,2019-05-12,46875
vue,2019-05-13,175454
vue,2019-05-14,188352
vue,2019-05-15,181010
vue,2019-05-16,187738
vue,2019-05-17,159511
vue,2019-05-18,44672
vue,2019-05-19,44369
vue,2019-05-20,176552
vue,2019-05-21,185552
vue,2019-05-22,185596
vue,2019-05-23,186304
vue,2019-05-24,168366
vue,2019-05-25,46498
vue,2019-05-26,43031
vue,2019-05-27,160188
vue,2019-05-28,184837
vue,2019-05-29,188130
vue,2019-05-30,157755
vue,2019-05-31,158424
vue,2019-06-01,41885
vue,2019-06-02,40816
vue,2019-06-03,177077
vue,2019-06-04,185830
vue,2019-06-05,182906
vue,2019-06-06,180700
vue,2019-06-07,145793
vue,2019-06-08,39857
vue,2019-06-09,40917
vue,2019-06-10,153978
vue,2019-06-11,186041
vue,2019-06-12,183508
vue,2019-06-13,186391
vue,2019-06-14,162484
vue,2019-06-15,44805
vue,2019-06-16,44605
vue,2019-06-17,178682
vue,2019-06-18,196517
vue,2019-06-19,187176
vue,2019-06-20,173411
vue,2019-06-21,164089
vue,2019-06-22,49268
vue,2019-06-23,46424
vue,2019-06-24,185427
vue,2019-06-25,197067
vue,2019-06-26,192583
vue,2019-06-27,182651
vue,2019-06-28,156054
vue,2019-06-29,43526
vue,2019-06-30,44728
vue,2019-07-01,182440
vue,2019-07-02,194813
vue,2019-07-03,190413
vue,2019-07-04,175930
vue,2019-07-05,155027
vue,2019-07-06,48246
vue,2019-07-07,45717
vue,2019-07-08,193974
vue,2019-07-09,196789
vue,2019-07-10,190699
vue,2019-07-11,196859
vue,2019-07-12,167064
vue,2019-07-13,47580
vue,2019-07-14,47593
vue,2019-07-15,173222
vue,2019-07-16,189902
vue,2019-07-17,189353
vue,2019-07-18,187264
vue,2019-07-19,168270
vue,2019-07-20,49274
vue,2019-07-21,47178
vue,2019-07-22,185460
vue,2019-07-23,189890
vue,2019-07-24,184532
vue,2019-07-25,190060
vue,2019-07-26,163124
vue,2019-07-27,46333
vue,2019-07-28,46108
vue,2019-07-29,180168
vue,2019-07-30,174912
vue,2019-07-31,191152
vue,2019-08-01,194496
vue,2019-08-02,174693
vue,2019-08-03,46672
vue,2019-08-04,47119
vue,2019-08-05,181792
vue,2019-08-06,191529
vue,2019-08-07,192592
vue,2019-08-08,189274
vue,2019-08-09,171226
vue,2019-08-10,47146
vue,2019-08-11,45115
vue,2019-08-12,169066
vue,2019-08-13,196177
vue,2019-08-14,185118
vue,2019-08-15,162479
vue,2019-08-16,164814
vue,2019-08-17,49409
vue,2019-08-18,49754
vue,2019-08-19,186883
vue,2019-08-20,200991
vue,2019-08-21,193151
vue,2019-08-22,194628
vue,2019-08-23,168548
vue,2019-08-24,50535
vue,2019-08-25,49394
vue,2019-08-26,184625
vue,2019-08-27,204106
vue,2019-08-28,232971
vue,2019-08-29,227627
vue,2019-08-30,174583
vue,2019-08-31,49266
vue,2019-09-01,50906
vue,2019-09-02,162495
vue,2019-09-03,197123
vue,2019-09-04,202648
vue,2019-09-05,203895
vue,2019-09-06,180774
vue,2019-09-07,52390
vue,2019-09-08,50072
vue,2019-09-09,199219
vue,2019-09-10,230746
vue,2019-09-11,208656
vue,2019-09-12,193521
vue,2019-09-13,167641
vue,2019-09-14,49504
vue,2019-09-15,51416
vue,2019-09-16,180347
vue,2019-09-17,196635
vue,2019-09-18,203453
vue,2019-09-19,195418
vue,2019-09-20,181154
vue,2019-09-21,45490
vue,2019-09-22,48584
vue,2019-09-23,196497
vue,2019-09-24,204063
vue,2019-09-25,212779
vue,2019-09-26,201725
vue,2019-09-27,179845
vue,2019-09-28,50746
vue,2019-09-29,59387
vue,2019-09-30,199830
vue,2019-10-01,200514
vue,2019-10-02,190894
vue,2019-10-03,179642
vue,2019-10-04,167165
vue,2019-10-05,49208
vue,2019-10-06,48746
vue,2019-10-07,193219
vue,2019-10-08,205626
vue,2019-10-09,213597
vue,2019-10-10,206286
vue,2019-10-11,187859
vue,2019-10-12,59216
vue,2019-10-13,47548
vue,2019-10-14,180519
vue,2019-10-15,206879
vue,2019-10-16,215881
vue,2019-10-17,217884
vue,2019-10-18,193174
vue,2019-10-19,51931
vue,2019-10-20,52714
vue,2019-10-21,205250
vue,2019-10-22,212960
vue,2019-10-23,223171
vue,2019-10-24,223543
vue,2019-10-25,203894
vue,2019-10-26,62025
vue,2019-10-27,55632
vue,2019-10-28,219738
vue,2019-10-29,236714
vue,2019-10-30,259308
vue,2019-10-31,304629
vue,2019-11-01,185748
vue,2019-11-02,75350
vue,2019-11-03,72635
vue,2019-11-04,212508
vue,2019-11-05,242174
vue,2019-11-06,260160
vue,2019-11-07,239421
vue,2019-11-08,208050
vue,2019-11-09,63395
vue,2019-11-10,59675
vue,2019-11-11,207350
vue,2019-11-12,230694
vue,2019-11-13,242598
vue,2019-11-14,236709
vue,2019-11-15,205843
vue,2019-11-16,64245
vue,2019-11-17,63978
vue,2019-11-18,242887
vue,2019-11-19,347414
vue,2019-11-20,314484
vue,2019-11-21,237685
vue,2019-11-22,204463
vue,2019-11-23,58005
vue,2019-11-24,57256
vue,2019-11-25,230954
vue,2019-11-26,231646
vue,2019-11-27,225639
vue,2019-11-28,195117
vue,2019-11-29,169083
vue,2019-11-30,48683
vue,2019-12-01,53197
vue,2019-12-02,233465
vue,2019-12-03,228301
vue,2019-12-04,231529
vue,2019-12-05,226026
vue,2019-12-06,196791
vue,2019-12-07,52444
vue,2019-12-08,59922
vue,2019-12-09,225175
vue,2019-12-10,231782
vue,2019-12-11,234763
vue,2019-12-12,224719
vue,2019-12-13,201728
vue,2019-12-14,66175
vue,2019-12-15,64508
vue,2019-12-16,262266
vue,2019-12-17,258630
vue,2019-12-18,249786
vue,2019-12-19,248727
vue,2019-12-20,211879
vue,2019-12-21,63471
vue,2019-12-22,57953
vue,2019-12-23,188897
vue,2019-12-24,136918
vue,2019-12-25,96429
vue,2019-12-26,135411
vue,2019-12-27,134912
vue,2019-12-28,55615
vue,2019-12-29,50834
vue,2019-12-30,153643
vue,2019-12-31,99633
vue,2020-01-01,46909
vue,2020-01-02,161765
vue,2020-01-03,158611
vue,2020-01-04,55077
vue,2020-01-05,53901
vue,2020-01-06,202905
vue,2020-01-07,224691
vue,2020-01-08,230956
vue,2020-01-09,246346
vue,2020-01-10,218061
vue,2020-01-11,58106
vue,2020-01-12,60184
vue,2020-01-13,231513
vue,2020-01-14,250611
vue,2020-01-15,240705
vue,2020-01-16,244982
vue,2020-01-17,222560
vue,2020-01-18,58984
vue,2020-01-19,67830
vue,2020-01-20,231603
vue,2020-01-21,247492
vue,2020-01-22,241776
vue,2020-01-23,231048
vue,2020-01-24,203425
vue,2020-01-25,55852
vue,2020-01-26,56484
vue,2020-01-27,227371
vue,2020-01-28,234852
vue,2020-01-29,236106
vue,2020-01-30,238969
vue,2020-01-31,216205
vue,2020-02-01,62497
vue,2020-02-02,64686
vue,2020-02-03,253448
vue,2020-02-04,260962
vue,2020-02-05,258183
vue,2020-02-06,257482
vue,2020-02-07,232519
vue,2020-02-08,64491
vue,2020-02-09,68361
vue,2020-02-10,264201
vue,2020-02-11,254377
vue,2020-02-12,267164
vue,2020-02-13,265828
vue,2020-02-14,238479
vue,2020-02-15,64847
vue,2020-02-16,70727
vue,2020-02-17,249962
vue,2020-02-18,276012
vue,2020-02-19,268362
vue,2020-02-20,269226
vue,2020-02-21,239636
vue,2020-02-22,65699
vue,2020-02-23,66102
vue,2020-02-24,239693
vue,2020-02-25,276325
vue,2020-02-26,284359
vue,2020-02-27,284918
vue,2020-02-28,254253
vue,2020-02-29,71356
vue,2020-03-01,74801
vue,2020-03-02,283313
vue,2020-03-03,293758
vue,2020-03-04,283351
vue,2020-03-05,282563
vue,2020-03-06,250933
vue,2020-03-07,70520
vue,2020-03-08,70323
vue,2020-03-09,268463
vue,2020-03-10,290907
vue,2020-03-11,287723
vue,2020-03-12,282450
vue,2020-03-13,248730
vue,2020-03-14,79639
vue,2020-03-15,80190
vue,2020-03-16,283040
vue,2020-03-17,290014
vue,2020-03-18,289044
vue,2020-03-19,286274
vue,2020-03-20,243261
vue,2020-03-21,80767
vue,2020-03-22,89122
vue,2020-03-23,293823
vue,2020-03-24,299348
vue,2020-03-25,286566
vue,2020-03-26,319796
vue,2020-03-27,267645
vue,2020-03-28,84378
vue,2020-03-29,88306
vue,2020-03-30,302600
vue,2020-03-31,297230
vue,2020-04-01,294813
vue,2020-04-02,286905
vue,2020-04-03,266157
vue,2020-04-04,87428
vue,2020-04-05,96462
vue,2020-04-06,282723
vue,2020-04-07,297914
vue,2020-04-08,289908
vue,2020-04-09,286449
vue,2020-04-10,210913
vue,2020-04-11,104581
vue,2020-04-12,92036
vue,2020-04-13,227793
vue,2020-04-14,288004
vue,2020-04-15,239396
vue,2020-04-16,290422
vue,2020-04-17,266642
vue,2020-04-18,86066
vue,2020-04-19,88485
vue,2020-04-20,282507
vue,2020-04-21,295653
vue,2020-04-22,302682
vue,2020-04-23,293477
vue,2020-04-24,273856
vue,2020-04-25,89945
vue,2020-04-26,103082
vue,2020-04-27,293958
vue,2020-04-28,304668
vue,2020-04-29,283157
vue,2020-04-30,293390
vue,2020-05-01,169587
vue,2020-05-02,79483
vue,2020-05-03,83109
vue,2020-05-04,252533
vue,2020-05-05,263731
vue,2020-05-06,290245
vue,2020-05-07,297040
vue,2020-05-08,250704
vue,2020-05-09,93670
vue,2020-05-10,85210
vue,2020-05-11,285460
vue,2020-05-12,303034
vue,2020-05-13,298907
vue,2020-05-14,300635
vue,2020-05-15,273853
vue,2020-05-16,83127
vue,2020-05-17,89004
vue,2020-05-18,294336
vue,2020-05-19,309121
vue,2020-05-20,298292
vue,2020-05-21,251959
vue,2020-05-22,244110
vue,2020-05-23,84859
vue,2020-05-24,83919
vue,2020-05-25,248724
vue,2020-05-26,298620
vue,2020-05-27,311404
vue,2020-05-28,300075
vue,2020-05-29,267793
vue,2020-05-30,81597
vue,2020-05-31,81660
vue,2020-06-01,250435
vue,2020-06-02,299614
vue,2020-06-03,317418
vue,2020-06-04,305456
vue,2020-06-05,276586
vue,2020-06-06,89025
vue,2020-06-07,97806
vue,2020-06-08,295530
vue,2020-06-09,307885
vue,2020-06-10,300405
vue,2020-06-11,283123
vue,2020-06-12,247677
vue,2020-06-13,75881
vue,2020-06-14,80211
vue,2020-06-15,305639
vue,2020-06-16,312224
vue,2020-06-17,311048
vue,2020-06-18,305667
vue,2020-06-19,259943
vue,2020-06-20,76218
vue,2020-06-21,78456
vue,2020-06-22,0
vue,2020-06-23,321417
vue,2020-06-24,303022
vue,2020-06-25,286036
vue,2020-06-26,254028
vue,2020-06-27,71073
vue,2020-06-28,92363
vue,2020-06-29,291996
vue,2020-06-30,313737
vue,2020-07-01,298494
vue,2020-07-02,302060
vue,2020-07-03,239520
vue,2020-07-04,71280
vue,2020-07-05,77956
vue,2020-07-06,291433
vue,2020-07-07,314965
vue,2020-07-08,303357
vue,2020-07-09,308238
vue,2020-07-10,271074
vue,2020-07-11,78803
vue,2020-07-12,79730
vue,2020-07-13,285034
vue,2020-07-14,302524
vue,2020-07-15,309774
vue,2020-07-16,324247
vue,2020-07-17,280947
vue,2020-07-18,93578
vue,2020-07-19,89202
vue,2020-07-20,303201
vue,2020-07-21,308798
vue,2020-07-22,301291
vue,2020-07-23,284537
vue,2020-07-24,251457
vue,2020-07-25,74144
vue,2020-07-26,74311
vue,2020-07-27,294007
vue,2020-07-28,308538
vue,2020-07-29,325915
vue,2020-07-30,313460
vue,2020-07-31,267658
vue,2020-08-01,97350
vue,2020-08-02,78482
vue,2020-08-03,279580
vue,2020-08-04,300030
vue,2020-08-05,325927
vue,2020-08-06,311045
vue,2020-08-07,271929
vue,2020-08-08,75860
vue,2020-08-09,75342
vue,2020-08-10,284858
vue,2020-08-11,313650
vue,2020-08-12,311058
vue,2020-08-13,302290
vue,2020-08-14,259145
vue,2020-08-15,80030
vue,2020-08-16,79355
vue,2020-08-17,290512
vue,2020-08-18,318934
vue,2020-08-19,309701
vue,2020-08-20,320527
vue,2020-08-21,305632
vue,2020-08-22,99033
vue,2020-08-23,93176
vue,2020-08-24,336447
vue,2020-08-25,348639
vue,2020-08-26,340724
vue,2020-08-27,344947
vue,2020-08-28,309244
vue,2020-08-29,96049
vue,2020-08-30,90282
vue,2020-08-31,324264
vue,2020-09-01,353880
vue,2020-09-02,354115
vue,2020-09-03,352334
vue,2020-09-04,327879
vue,2020-09-05,97206
vue,2020-09-06,87455
vue,2020-09-07,297542
vue,2020-09-08,283331
vue,2020-09-09,355534
vue,2020-09-10,360871
vue,2020-09-11,339351
vue,2020-09-12,105716
vue,2020-09-13,93416
vue,2020-09-14,358937
vue,2020-09-15,366986
vue,2020-09-16,358022
vue,2020-09-17,365694
vue,2020-09-18,324841
vue,2020-09-19,97824
vue,2020-09-20,93191
vue,2020-09-21,338006
vue,2020-09-22,345155
vue,2020-09-23,359551
vue,2020-09-24,355420
vue,2020-09-25,320213
vue,2020-09-26,94441
vue,2020-09-27,104540
vue,2020-09-28,347648
vue,2020-09-29,358505
vue,2020-09-30,350160
vue,2020-10-01,331827
vue,2020-10-02,291785
vue,2020-10-03,88635
vue,2020-10-04,87553
vue,2020-10-05,322823
vue,2020-10-06,347464
vue,2020-10-07,348849
vue,2020-10-08,345363
vue,2020-10-09,313051
vue,2020-10-10,116699
vue,2020-10-11,101503
vue,2020-10-12,339249
vue,2020-10-13,373108
vue,2020-10-14,367197
vue,2020-10-15,365916
vue,2020-10-16,339630
vue,2020-10-17,100097
vue,2020-10-18,102501
vue,2020-10-19,372599
vue,2020-10-20,390831
vue,2020-10-21,379713
vue,2020-10-22,373151
vue,2020-10-23,332811
vue,2020-10-24,102474
vue,2020-10-25,101046
vue,2020-10-26,366774
vue,2020-10-27,386979
vue,2020-10-28,374599
vue,2020-10-29,369899
vue,2020-10-30,332390
vue,2020-10-31,100019
vue,2020-11-01,103122
vue,2020-11-02,354749
vue,2020-11-03,352413
vue,2020-11-04,357397
vue,2020-11-05,362712
vue,2020-11-06,333077
vue,2020-11-07,99070
vue,2020-11-08,98196
vue,2020-11-09,361245
vue,2020-11-10,375465
vue,2020-11-11,343405
vue,2020-11-12,364000
vue,2020-11-13,329190
vue,2020-11-14,99006
vue,2020-11-15,97604
vue,2020-11-16,362634
vue,2020-11-17,378524
vue,2020-11-18,377251
vue,2020-11-19,370070
vue,2020-11-20,335811
vue,2020-11-21,98732
vue,2020-11-22,93532
vue,2020-11-23,346955
vue,2020-11-24,372749
vue,2020-11-25,373300
vue,2020-11-26,329329
vue,2020-11-27,283025
vue,2020-11-28,95069
vue,2020-11-29,95544
vue,2020-11-30,358627
vue,2020-12-01,377094
vue,2020-12-02,373006
vue,2020-12-03,374830
vue,2020-12-04,343253
vue,2020-12-05,100242
vue,2020-12-06,101093
vue,2020-12-07,370340
vue,2020-12-08,377439
vue,2020-12-09,370167
vue,2020-12-10,382717
vue,2020-12-11,354230
vue,2020-12-12,113789
vue,2020-12-13,106162
vue,2020-12-14,390993
vue,2020-12-15,385482
vue,2020-12-16,378570
vue,2020-12-17,369336
vue,2020-12-18,320075
vue,2020-12-19,94686
vue,2020-12-20,94731
vue,2020-12-21,330209
vue,2020-12-22,331283
vue,2020-12-23,291280
vue,2020-12-24,197403
vue,2020-12-25,128383
vue,2020-12-26,77776
vue,2020-12-27,82657
vue,2020-12-28,228399
vue,2020-12-29,226500
vue,2020-12-30,211921
vue,2020-12-31,150522
vue,2021-01-01,87922
vue,2021-01-02,79937
vue,2021-01-03,88635
vue,2021-01-04,317963
vue,2021-01-05,362688
vue,2021-01-06,338750
vue,2021-01-07,335835
vue,2021-01-08,321291
vue,2021-01-09,104233
vue,2021-01-10,105139
vue,2021-01-11,357940
vue,2021-01-12,386720
vue,2021-01-13,377011
vue,2021-01-14,380287
vue,2021-01-15,339205
vue,2021-01-16,110294
vue,2021-01-17,108713
vue,2021-01-18,364649
vue,2021-01-19,382586
vue,2021-01-20,391992
vue,2021-01-21,395655
vue,2021-01-22,278684
vue,2021-01-23,110923
vue,2021-01-24,111925
vue,2021-01-25,397026
vue,2021-01-26,394036
vue,2021-01-27,400083
vue,2021-01-28,389275
vue,2021-01-29,356909
vue,2021-01-30,117390
vue,2021-01-31,115806
vue,2021-02-01,409552
vue,2021-02-02,423614
vue,2021-02-03,412645
vue,2021-02-04,419203
vue,2021-02-05,371675
vue,2021-02-06,119192
vue,2021-02-07,127174
vue,2021-02-08,391675
vue,2021-02-09,398917
vue,2021-02-10,391212
vue,2021-02-11,354950
vue,2021-02-12,329418
vue,2021-02-13,111087
vue,2021-02-14,105386
vue,2021-02-15,354949
vue,2021-02-16,382542
vue,2021-02-17,389925
vue,2021-02-18,405907
vue,2021-02-19,374871
vue,2021-02-20,129485
vue,2021-02-21,111515
vue,2021-02-22,397286
vue,2021-02-23,395983
vue,2021-02-24,430435
vue,2021-02-25,424758
vue,2021-02-26,368052
vue,2021-02-27,122044
vue,2021-02-28,120508
vue,2021-03-01,424768
vue,2021-03-02,454259
vue,2021-03-03,445449
vue,2021-03-04,437257
vue,2021-03-05,384333
vue,2021-03-06,122096
vue,2021-03-07,120950
vue,2021-03-08,405599
vue,2021-03-09,462176
vue,2021-03-10,460985
vue,2021-03-11,439506
vue,2021-03-12,386891
vue,2021-03-13,120012
vue,2021-03-14,118790
vue,2021-03-15,421987
vue,2021-03-16,438717
vue,2021-03-17,436933
vue,2021-03-18,428015
vue,2021-03-19,366611
vue,2021-03-20,121717
vue,2021-03-21,123819
vue,2021-03-22,416630
vue,2021-03-23,421729
vue,2021-03-24,427813
vue,2021-03-25,424018
vue,2021-03-26,378169
vue,2021-03-27,116481
vue,2021-03-28,116922
vue,2021-03-29,413067
vue,2021-03-30,446987
vue,2021-03-31,446224
vue,2021-04-01,403574
vue,2021-04-02,281783
vue,2021-04-03,107395
vue,2021-04-04,109096
vue,2021-04-05,285361
vue,2021-04-06,425251
vue,2021-04-07,440777
vue,2021-04-08,443821
vue,2021-04-09,388879
vue,2021-04-10,113099
vue,2021-04-11,111995
vue,2021-04-12,422114
vue,2021-04-13,428090
vue,2021-04-14,424019
vue,2021-04-15,430114
vue,2021-04-16,379677
vue,2021-04-17,111365
vue,2021-04-18,112823
vue,2021-04-19,439136
vue,2021-04-20,442581
vue,2021-04-21,427611
vue,2021-04-22,438671
vue,2021-04-23,388469
vue,2021-04-24,111740
vue,2021-04-25,129501
vue,2021-04-26,430892
vue,2021-04-27,430264
vue,2021-04-28,426982
vue,2021-04-29,405722
vue,2021-04-30,371020
vue,2021-05-01,108860
vue,2021-05-02,103189
vue,2021-05-03,319801
vue,2021-05-04,363247
vue,2021-05-05,375594
vue,2021-05-06,431021
vue,2021-05-07,406631
vue,2021-05-08,157671
vue,2021-05-09,142925
vue,2021-05-10,463624
vue,2021-05-11,496014
vue,2021-05-12,458833
vue,2021-05-13,371097
vue,2021-05-14,356172
vue,2021-05-15,113186
vue,2021-05-16,106180
vue,2021-05-17,434771
vue,2021-05-18,445547
vue,2021-05-19,443896
vue,2021-05-20,438992
vue,2021-05-21,379878
vue,2021-05-22,107998
vue,2021-05-23,107836
vue,2021-05-24,380490
vue,2021-05-25,464666
vue,2021-05-26,475565
vue,2021-05-27,461804
vue,2021-05-28,402970
vue,2021-05-29,116798
vue,2021-05-30,115193
vue,2021-05-31,384650
vue,2021-06-01,455359
vue,2021-06-02,473182
vue,2021-06-03,433787
vue,2021-06-04,401235
vue,2021-06-05,135021
vue,2021-06-06,132181
vue,2021-06-07,490315
vue,2021-06-08,496673
vue,2021-06-09,490111
vue,2021-06-10,485382
vue,2021-06-11,435050
vue,2021-06-12,120038
vue,2021-06-13,111333
vue,2021-06-14,419651
vue,2021-06-15,500480
vue,2021-06-16,494286
vue,2021-06-17,491595
vue,2021-06-18,412399
vue,2021-06-19,118355
vue,2021-06-20,115326
vue,2021-06-21,458592
vue,2021-06-22,485070
vue,2021-06-23,480709
vue,2021-06-24,462238
vue,2021-06-25,400372
vue,2021-06-26,111955
vue,2021-06-27,115337
vue,2021-06-28,462591
vue,2021-06-29,486600
vue,2021-06-30,490323
vue,2021-07-01,484562
vue,2021-07-02,425773
vue,2021-07-03,124821
vue,2021-07-04,121285
vue,2021-07-05,424883
vue,2021-07-06,465452
vue,2021-07-07,483441
vue,2021-07-08,468315
vue,2021-07-09,409464
vue,2021-07-10,120067
vue,2021-07-11,119734
vue,2021-07-12,458949
vue,2021-07-13,475640
vue,2021-07-14,452433
vue,2021-07-15,456983
vue,2021-07-16,402290
vue,2021-07-17,126517
vue,2021-07-18,124323
vue,2021-07-19,472108
vue,2021-07-20,459927
vue,2021-07-21,456846
vue,2021-07-22,435968
vue,2021-07-23,379633
vue,2021-07-24,123931
vue,2021-07-25,120394
vue,2021-07-26,455218
vue,2021-07-27,469626
vue,2021-07-28,458160
vue,2021-07-29,457850
vue,2021-07-30,405059
vue,2021-07-31,126087
vue,2021-08-01,131562
vue,2021-08-02,450417
vue,2021-08-03,456225
vue,2021-08-04,462750
vue,2021-08-05,443600
vue,2021-08-06,390993
vue,2021-08-07,111765
vue,2021-08-08,110191
vue,2021-08-09,426304
vue,2021-08-10,446658
vue,2021-08-11,471906
vue,2021-08-12,463837
vue,2021-08-13,386077
vue,2021-08-14,106437
vue,2021-08-15,112367
vue,2021-08-16,428980
vue,2021-08-17,472217
vue,2021-08-18,459340
vue,2021-08-19,452471
vue,2021-08-20,397988
vue,2021-08-21,110766
vue,2021-08-22,113257
vue,2021-08-23,445671
vue,2021-08-24,461662
vue,2021-08-25,493321
vue,2021-08-26,470549
vue,2021-08-27,406136
vue,2021-08-28,117383
vue,2021-08-29,119922
vue,2021-08-30,461191
vue,2021-08-31,483781
vue,2021-09-01,487643
vue,2021-09-02,489256
vue,2021-09-03,424715
vue,2021-09-04,118518
vue,2021-09-05,120713
vue,2021-09-06,415807
vue,2021-09-07,476597
vue,2021-09-08,492471
vue,2021-09-09,493659
vue,2021-09-10,425381
vue,2021-09-11,121642
vue,2021-09-12,117957
vue,2021-09-13,487542
vue,2021-09-14,506093
vue,2021-09-15,489724
vue,2021-09-16,485865
vue,2021-09-17,433586
vue,2021-09-18,140536
vue,2021-09-19,121627
vue,2021-09-20,436210
vue,2021-09-21,481083
vue,2021-09-22,504127
vue,2021-09-23,479545
vue,2021-09-24,423853
vue,2021-09-25,126359
vue,2021-09-26,151148
vue,2021-09-27,494722
vue,2021-09-28,510347
vue,2021-09-29,504547
vue,2021-09-30,479019
vue,2021-10-01,415186
vue,2021-10-02,114464
vue,2021-10-03,116830
vue,2021-10-04,453755
vue,2021-10-05,479169
vue,2021-10-06,504646
vue,2021-10-07,471847
vue,2021-10-08,432023
vue,2021-10-09,138823
vue,2021-10-10,122149
vue,2021-10-11,469919
vue,2021-10-12,497235
vue,2021-10-13,503995
vue,2021-10-14,489925
vue,2021-10-15,410834
vue,2021-10-16,113766
vue,2021-10-17,117467
vue,2021-10-18,502422
vue,2021-10-19,510218
vue,2021-10-20,497338
vue,2021-10-21,503457
vue,2021-10-22,439023
vue,2021-10-23,120304
vue,2021-10-24,122001
vue,2021-10-25,499304
vue,2021-10-26,517675
vue,2021-10-27,510016
vue,2021-10-28,503965
vue,2021-10-29,434580
vue,2021-10-30,121057
vue,2021-10-31,120100
vue,2021-11-01,445783
vue,2021-11-02,508372
vue,2021-11-03,496192
vue,2021-11-04,494886
vue,2021-11-05,440190
vue,2021-11-06,127133
vue,2021-11-07,126251
vue,2021-11-08,513710
vue,2021-11-09,531322
vue,2021-11-10,515108
vue,2021-11-11,464702
vue,2021-11-12,427386
vue,2021-11-13,122217
vue,2021-11-14,129065
vue,2021-11-15,510010
vue,2021-11-16,530978
vue,2021-11-17,531094
vue,2021-11-18,543521
vue,2021-11-19,476422
vue,2021-11-20,133537
vue,2021-11-21,141085
vue,2021-11-22,526848
vue,2021-11-23,505553
vue,2021-11-24,501651
vue,2021-11-25,469270
vue,2021-11-26,404023
vue,2021-11-27,126538
vue,2021-11-28,134802
vue,2021-11-29,520483
vue,2021-11-30,563202
vue,2021-12-01,543757
vue,2021-12-02,523995
vue,2021-12-03,470809
vue,2021-12-04,131508
vue,2021-12-05,137975
vue,2021-12-06,556051
vue,2021-12-07,533274
vue,2021-12-08,522221
vue,2021-12-09,550280
vue,2021-12-10,496182
vue,2021-12-11,139334
vue,2021-12-12,140283
vue,2021-12-13,546715
vue,2021-12-14,550156
vue,2021-12-15,548046
vue,2021-12-16,534900
vue,2021-12-17,447825
vue,2021-12-18,126996
vue,2021-12-19,121706
vue,2021-12-20,484908
vue,2021-12-21,480106
vue,2021-12-22,441623
vue,2021-12-23,389795
vue,2021-12-24,249179
vue,2021-12-25,89594
vue,2021-12-26,103347
vue,2021-12-27,303690
vue,2021-12-28,315393
vue,2021-12-29,304727
vue,2021-12-30,276268
vue,2021-12-31,176917
vue,2022-01-01,97308
vue,2022-01-02,106680
vue,2022-01-03,331856
vue,2022-01-04,441454
vue,2022-01-05,460992
vue,2022-01-06,435430
vue,2022-01-07,409104
vue,2022-01-08,127857
vue,2022-01-09,122582
vue,2022-01-10,482879
vue,2022-01-11,521948
vue,2022-01-12,513196
vue,2022-01-13,528412
vue,2022-01-14,470063
vue,2022-01-15,143018
vue,2022-01-16,133353
vue,2022-01-17,507341
vue,2022-01-18,548628
vue,2022-01-19,561201
vue,2022-01-20,553088
vue,2022-01-21,497308
vue,2022-01-22,164964
vue,2022-01-23,141510
vue,2022-01-24,557161
vue,2022-01-25,558640
vue,2022-01-26,534761
vue,2022-01-27,560731
vue,2022-01-28,486365
vue,2022-01-29,133260
vue,2022-01-30,127497
vue,2022-01-31,501243
vue,2022-02-01,527204
vue,2022-02-02,517798
vue,2022-02-03,522243
vue,2022-02-04,459443
vue,2022-02-05,122733
vue,2022-02-06,130811
vue,2022-02-07,571836
vue,2022-02-08,600203
vue,2022-02-09,598954
vue,2022-02-10,621060
vue,2022-02-11,518364
vue,2022-02-12,168627
vue,2022-02-13,170278
vue,2022-02-14,602842
vue,2022-02-15,611847
vue,2022-02-16,612027
vue,2022-02-17,604847
vue,2022-02-18,545682
vue,2022-02-19,161447
vue,2022-02-20,140007
vue,2022-02-21,550250
vue,2022-02-22,589219
vue,2022-02-23,561019
vue,2022-02-24,554697
vue,2022-02-25,504168
vue,2022-02-26,170729
vue,2022-02-27,154842
vue,2022-02-28,559364
vue,2022-03-01,592364
vue,2022-03-02,594550
vue,2022-03-03,591074
vue,2022-03-04,517387
vue,2022-03-05,151680
vue,2022-03-06,142797
vue,2022-03-07,574716
vue,2022-03-08,567071
vue,2022-03-09,594601
vue,2022-03-10,590199
vue,2022-03-11,515206
vue,2022-03-12,143088
vue,2022-03-13,143961
vue,2022-03-14,609505
vue,2022-03-15,615536
vue,2022-03-16,607010
vue,2022-03-17,577788
vue,2022-03-18,501542
vue,2022-03-19,140190
vue,2022-03-20,140799
vue,2022-03-21,560599
vue,2022-03-22,612324
vue,2022-03-23,626158
vue,2022-03-24,598803
vue,2022-03-25,527695
vue,2022-03-26,152233
vue,2022-03-27,139525
vue,2022-03-28,607404
vue,2022-03-29,623411
vue,2022-03-30,605715
vue,2022-03-31,610021
vue,2022-04-01,539511
vue,2022-04-02,163913
vue,2022-04-03,142358
vue,2022-04-04,565153
vue,2022-04-05,582102
vue,2022-04-06,593252
vue,2022-04-07,602710
vue,2022-04-08,529166
vue,2022-04-09,155884
vue,2022-04-10,146524
vue,2022-04-11,573518
vue,2022-04-12,621843
vue,2022-04-13,588419
vue,2022-04-14,555210
vue,2022-04-15,377104
vue,2022-04-16,135826
vue,2022-04-17,135339
vue,2022-04-18,425585
vue,2022-04-19,585320
vue,2022-04-20,596991
vue,2022-04-21,584865
vue,2022-04-22,521731
vue,2022-04-23,146266
vue,2022-04-24,170600
vue,2022-04-25,588902
vue,2022-04-26,631375
vue,2022-04-27,601327
vue,2022-04-28,627979
vue,2022-04-29,535813
vue,2022-04-30,144086
vue,2022-05-01,157832
vue,2022-05-02,495136
vue,2022-05-03,518914
vue,2022-05-04,551520
vue,2022-05-05,579976
vue,2022-05-06,540624
vue,2022-05-07,176379
vue,2022-05-08,116714
vue,2022-05-09,595022
vue,2022-05-10,625115
vue,2022-05-11,631202
vue,2022-05-12,617560
vue,2022-05-13,536070
vue,2022-05-14,148350
vue,2022-05-15,150717
vue,2022-05-16,617672
vue,2022-05-17,635488
vue,2022-05-18,632448
vue,2022-05-19,645425
vue,2022-05-20,556599
vue,2022-05-21,156566
vue,2022-05-22,156881
vue,2022-05-23,646505
vue,2022-05-24,643886
vue,2022-05-25,629309
vue,2022-05-26,527507
vue,2022-05-27,481388
vue,2022-05-28,156061
vue,2022-05-29,155418
vue,2022-05-30,561958
vue,2022-05-31,633961
vue,2022-06-01,664725
vue,2022-06-02,600273
vue,2022-06-03,508796
vue,2022-06-04,150800
vue,2022-06-05,148712
vue,2022-06-06,548116
vue,2022-06-07,655374
vue,2022-06-08,647513
vue,2022-06-09,636515
vue,2022-06-10,555473
vue,2022-06-11,153703
vue,2022-06-12,150154
vue,2022-06-13,604499
vue,2022-06-14,637977
vue,2022-06-15,631165
vue,2022-06-16,577519
vue,2022-06-17,526698
vue,2022-06-18,154576
vue,2022-06-19,157633
vue,2022-06-20,611050
vue,2022-06-21,625851
vue,2022-06-22,626035
vue,2022-06-23,629476
vue,2022-06-24,507935
vue,2022-06-25,144676
vue,2022-06-26,147203
vue,2022-06-27,604241
vue,2022-06-28,617630
vue,2022-06-29,607078
vue,2022-06-30,596955
vue,2022-07-01,542222
vue,2022-07-02,144195
vue,2022-07-03,147141
vue,2022-07-04,568261
vue,2022-07-05,646447
vue,2022-07-06,655871
vue,2022-07-07,645255
vue,2022-07-08,556781
vue,2022-07-09,148288
vue,2022-07-10,143251
vue,2022-07-11,621421
vue,2022-07-12,625737
vue,2022-07-13,631871
vue,2022-07-14,606718
vue,2022-07-15,550271
vue,2022-07-16,166370
vue,2022-07-17,163058
vue,2022-07-18,629873
vue,2022-07-19,628763
vue,2022-07-20,649873
vue,2022-07-21,639079
vue,2022-07-22,0
vue,2022-07-23,150679
vue,2022-07-24,142666
vue,2022-07-25,627401
vue,2022-07-26,635054
vue,2022-07-27,616428
vue,2022-07-28,614571
vue,2022-07-29,527052
vue,2022-07-30,150999
vue,2022-07-31,154745
vue,2022-08-01,614956
vue,2022-08-02,632359
vue,2022-08-03,626128
vue,2022-08-04,608050
vue,2022-08-05,535251
vue,2022-08-06,150380
vue,2022-08-07,147494
vue,2022-08-08,634242
vue,2022-08-09,624895
vue,2022-08-10,628237
vue,2022-08-11,588050
vue,2022-08-12,517159
vue,2022-08-13,139028
vue,2022-08-14,143184
vue,2022-08-15,539193
vue,2022-08-16,613269
vue,2022-08-17,606657
vue,2022-08-18,603020
vue,2022-08-19,536802
vue,2022-08-20,145805
vue,2022-08-21,155079
vue,2022-08-22,633142
vue,2022-08-23,658151
vue,2022-08-24,645967
vue,2022-08-25,639676
vue,2022-08-26,551662
vue,2022-08-27,155986
vue,2022-08-28,150659
vue,2022-08-29,621252
vue,2022-08-30,675261
vue,2022-08-31,675743
vue,2022-09-01,659073
vue,2022-09-02,568416
vue,2022-09-03,152062
vue,2022-09-04,150867
vue,2022-09-05,587376
vue,2022-09-06,658616
vue,2022-09-07,649590
vue,2022-09-08,684676
vue,2022-09-09,563314
vue,2022-09-10,145225
vue,2022-09-11,161001
vue,2022-09-12,650038
vue,2022-09-13,684362
vue,2022-09-14,672531
vue,2022-09-15,657483
vue,2022-09-16,569817
vue,2022-09-17,154504
vue,2022-09-18,152386
vue,2022-09-19,616506
vue,2022-09-20,661584
vue,2022-09-21,656406
vue,2022-09-22,642567
vue,2022-09-23,522791
vue,2022-09-24,155363
vue,2022-09-25,145275
vue,2022-09-26,651622
vue,2022-09-27,654798
vue,2022-09-28,680383
vue,2022-09-29,667203
vue,2022-09-30,568135
vue,2022-10-01,169999
vue,2022-10-02,154108
vue,2022-10-03,606541
vue,2022-10-04,648281
vue,2022-10-05,625323
vue,2022-10-06,672005
vue,2022-10-07,549282
vue,2022-10-08,182995
vue,2022-10-09,179396
vue,2022-10-10,607170
vue,2022-10-11,699351
vue,2022-10-12,677260
vue,2022-10-13,695244
vue,2022-10-14,634941
vue,2022-10-15,173801
vue,2022-10-16,163457
vue,2022-10-17,710081
vue,2022-10-18,713934
vue,2022-10-19,691089
vue,2022-10-20,702210
vue,2022-10-21,618385
vue,2022-10-22,174590
vue,2022-10-23,162641
vue,2022-10-24,698816
vue,2022-10-25,711063
vue,2022-10-26,714264
vue,2022-10-27,722162
vue,2022-10-28,618069
vue,2022-10-29,174856
vue,2022-10-30,168841
vue,2022-10-31,649281
vue,2022-11-01,623723
vue,2022-11-02,704223
vue,2022-11-03,678968
vue,2022-11-04,601470
vue,2022-11-05,176776
vue,2022-11-06,183711
vue,2022-11-07,732312
vue,2022-11-08,765262
vue,2022-11-09,753856
vue,2022-11-10,743255
vue,2022-11-11,581863
vue,2022-11-12,179250
vue,2022-11-13,183511
vue,2022-11-14,731115
vue,2022-11-15,731803
vue,2022-11-16,725847
vue,2022-11-17,715515
vue,2022-11-18,612968
vue,2022-11-19,176465
vue,2022-11-20,178478
vue,2022-11-21,697969
vue,2022-11-22,745721
vue,2022-11-23,690549
vue,2022-11-24,633258
vue,2022-11-25,537884
vue,2022-11-26,167716
vue,2022-11-27,178799
vue,2022-11-28,3038358
vue,2022-11-29,6756120
vue,2022-11-30,7052162
vue,2022-12-01,7199013
vue,2022-12-02,6926653
vue,2022-12-03,6847753
vue,2022-12-04,6771770
vue,2022-12-05,6764092
vue,2022-12-06,6661732
vue,2022-12-07,6776384
vue,2022-12-08,6451875
vue,2022-12-09,7068814
vue,2022-12-10,6833716
vue,2022-12-11,6814642
vue,2022-12-12,7192651
vue,2022-12-13,6838930
vue,2022-12-14,7195240
vue,2022-12-15,7075911
vue,2022-12-16,7174036
vue,2022-12-17,6961614
vue,2022-12-18,7036799
vue,2022-12-19,7366115
vue,2022-12-20,7439349
vue,2022-12-21,7473830
vue,2022-12-22,5002680
vue,2022-12-23,433868
vue,2022-12-24,136366
vue,2022-12-25,131616
vue,2022-12-26,352365
vue,2022-12-27,411744
vue,2022-12-28,423859
vue,2022-12-29,396266
vue,2022-12-30,317967
vue,2022-12-31,134503
vue,2023-01-01,142931
vue,2023-01-02,358693
vue,2023-01-03,550715
vue,2023-01-04,613858
vue,2023-01-05,619858
vue,2023-01-06,531248
vue,2023-01-07,183844
vue,2023-01-08,174925
vue,2023-01-09,664746
vue,2023-01-10,714769
vue,2023-01-11,702884
vue,2023-01-12,698971
vue,2023-01-13,618160
vue,2023-01-14,171838
vue,2023-01-15,173869
vue,2023-01-16,658770
vue,2023-01-17,696169
vue,2023-01-18,679156
vue,2023-01-19,665608
vue,2023-01-20,569992
vue,2023-01-21,152011
vue,2023-01-22,163065
vue,2023-01-23,654711
vue,2023-01-24,664161
vue,2023-01-25,658521
vue,2023-01-26,644350
vue,2023-01-27,584672
vue,2023-01-28,183620
vue,2023-01-29,207286
vue,2023-01-30,730938
vue,2023-01-31,714814
vue,2023-02-01,735971
vue,2023-02-02,741446
vue,2023-02-03,649461
vue,2023-02-04,200856
vue,2023-02-05,193201
vue,2023-02-06,729084
vue,2023-02-07,756071
vue,2023-02-08,745227
vue,2023-02-09,740902
vue,2023-02-10,651083
vue,2023-02-11,182784
vue,2023-02-12,182956
vue,2023-02-13,738390
vue,2023-02-14,761153
vue,2023-02-15,758449
vue,2023-02-16,750609
vue,2023-02-17,685648
vue,2023-02-18,193220
vue,2023-02-19,186402
vue,2023-02-20,713374
vue,2023-02-21,740442
vue,2023-02-22,768829
vue,2023-02-23,696283
vue,2023-02-24,616147
vue,2023-02-25,184571
vue,2023-02-26,187740
vue,2023-02-27,760195
vue,2023-02-28,745736
vue,2023-03-01,761369
vue,2023-03-02,749563
vue,2023-03-03,650556
vue,2023-03-04,187606
vue,2023-03-05,186911
vue,2023-03-06,744411
vue,2023-03-07,743963
vue,2023-03-08,672702
vue,2023-03-09,729119
vue,2023-03-10,648278
vue,2023-03-11,182997
vue,2023-03-12,180563
vue,2023-03-13,748866
vue,2023-03-14,769273
vue,2023-03-15,754174
vue,2023-03-16,731127
vue,2023-03-17,637137
vue,2023-03-18,177420
vue,2023-03-19,196946
vue,2023-03-20,724632
vue,2023-03-21,728770
vue,2023-03-22,721013
vue,2023-03-23,729019
vue,2023-03-24,645219
vue,2023-03-25,191691
vue,2023-03-26,177152
vue,2023-03-27,719283
vue,2023-03-28,735151
vue,2023-03-29,731304
vue,2023-03-30,736150
vue,2023-03-31,628545
vue,2023-04-01,184079
vue,2023-04-02,174935
vue,2023-04-03,714630
vue,2023-04-04,712608
vue,2023-04-05,672226
vue,2023-04-06,657015
vue,2023-04-07,442935
vue,2023-04-08,170245
vue,2023-04-09,164872
vue,2023-04-10,509043
vue,2023-04-11,720132
vue,2023-04-12,746580
vue,2023-04-13,716238
vue,2023-04-14,628995
vue,2023-04-15,187048
vue,2023-04-16,180066
vue,2023-04-17,700571
vue,2023-04-18,737056
vue,2023-04-19,723760
vue,2023-04-20,738630
vue,2023-04-21,612535
vue,2023-04-22,172913
vue,2023-04-23,209481
vue,2023-04-24,722480
vue,2023-04-25,728091
vue,2023-04-26,733283
vue,2023-04-27,706602
vue,2023-04-28,616844
vue,2023-04-29,166440
vue,2023-04-30,162565
vue,2023-05-01,393651
vue,2023-05-02,648361
vue,2023-05-03,646594
vue,2023-05-04,676493
vue,2023-05-05,600894
vue,2023-05-06,198336
vue,2023-05-07,172648
vue,2023-05-08,672711
vue,2023-05-09,702978
vue,2023-05-10,721016
vue,2023-05-11,768834
vue,2023-05-12,658296
vue,2023-05-13,170651
vue,2023-05-14,170285
vue,2023-05-15,756798
vue,2023-05-16,786958
vue,2023-05-17,756599
vue,2023-05-18,655995
vue,2023-05-19,617640
vue,2023-05-20,176279
vue,2023-05-21,169541
vue,2023-05-22,752728
vue,2023-05-23,780976
vue,2023-05-24,763612
vue,2023-05-25,736174
vue,2023-05-26,628428
vue,2023-05-27,172233
vue,2023-05-28,179215
vue,2023-05-29,563770
vue,2023-05-30,757017
vue,2023-05-31,764470
vue,2023-06-01,767855
vue,2023-06-02,651684
vue,2023-06-03,180978
vue,2023-06-04,183859
vue,2023-06-05,735133
vue,2023-06-06,788065
vue,2023-06-07,752073
vue,2023-06-08,717004
vue,2023-06-09,637528
vue,2023-06-10,176316
vue,2023-06-11,183181
vue,2023-06-12,736185
vue,2023-06-13,781847
vue,2023-06-14,773434
vue,2023-06-15,750459
vue,2023-06-16,647512
vue,2023-06-17,180655
vue,2023-06-18,178220
vue,2023-06-19,704746
vue,2023-06-20,764825
vue,2023-06-21,759906
vue,2023-06-22,714230
vue,2023-06-23,591404
vue,2023-06-24,169226
vue,2023-06-25,199598
vue,2023-06-26,733699
vue,2023-06-27,755459
vue,2023-06-28,723068
vue,2023-06-29,705986
vue,2023-06-30,611672
vue,2023-07-01,194538
vue,2023-07-02,173336
vue,2023-07-03,673179
vue,2023-07-04,668395
vue,2023-07-05,726809
vue,2023-07-06,759188
vue,2023-07-07,654473
vue,2023-07-08,182277
vue,2023-07-09,183717
vue,2023-07-10,763747
vue,2023-07-11,796144
vue,2023-07-12,750324
vue,2023-07-13,752536
vue,2023-07-14,618319
vue,2023-07-15,174727
vue,2023-07-16,171712
vue,2023-07-17,694228
vue,2023-07-18,755973
vue,2023-07-19,737870
vue,2023-07-20,743604
vue,2023-07-21,627699
vue,2023-07-22,173048
vue,2023-07-23,173066
vue,2023-07-24,721117
vue,2023-07-25,737523
vue,2023-07-26,728483
vue,2023-07-27,730277
vue,2023-07-28,627309
vue,2023-07-29,171175
vue,2023-07-30,178551
vue,2023-07-31,726648
vue,2023-08-01,754405
vue,2023-08-02,745484
vue,2023-08-03,738621
vue,2023-08-04,628001
vue,2023-08-05,173555
vue,2023-08-06,176686
vue,2023-08-07,708126
vue,2023-08-08,746123
vue,2023-08-09,739608
vue,2023-08-10,722604
vue,2023-08-11,594510
vue,2023-08-12,168825
vue,2023-08-13,175242
vue,2023-08-14,661829
vue,2023-08-15,618630
vue,2023-08-16,727113
vue,2023-08-17,711897
vue,2023-08-18,613408
vue,2023-08-19,169220
vue,2023-08-20,171862
vue,2023-08-21,734231
vue,2023-08-22,744269
vue,2023-08-23,711604
vue,2023-08-24,707222
vue,2023-08-25,632276
vue,2023-08-26,179114
vue,2023-08-27,174507
vue,2023-08-28,697461
vue,2023-08-29,739625
vue,2023-08-30,732877
vue,2023-08-31,723231
vue,2023-09-01,620015
vue,2023-09-02,169260
vue,2023-09-03,174055
vue,2023-09-04,621283
vue,2023-09-05,738679
vue,2023-09-06,754216
vue,2023-09-07,729238
vue,2023-09-08,646093
vue,2023-09-09,168538
vue,2023-09-10,167883
vue,2023-09-11,732418
vue,2023-09-12,768741
vue,2023-09-13,762893
vue,2023-09-14,750007
vue,2023-09-15,649024
vue,2023-09-16,173886
vue,2023-09-17,172267
vue,2023-09-18,699212
vue,2023-09-19,747704
vue,2023-09-20,754412
vue,2023-09-21,760464
vue,2023-09-22,658106
vue,2023-09-23,187924
vue,2023-09-24,180174
vue,2023-09-25,746466
vue,2023-09-26,770171
vue,2023-09-27,751659
vue,2023-09-28,704997
vue,2023-09-29,618890
vue,2023-09-30,166165
vue,2023-10-01,177344
vue,2023-10-02,651692
vue,2023-10-03,675822
vue,2023-10-04,727416
vue,2023-10-05,733326
vue,2023-10-06,632464
vue,2023-10-07,209089
vue,2023-10-08,188838
vue,2023-10-09,670112
vue,2023-10-10,762654
vue,2023-10-11,756118
vue,2023-10-12,735019
vue,2023-10-13,643044
vue,2023-10-14,168560
vue,2023-10-15,178300
vue,2023-10-16,755845
vue,2023-10-17,776582
vue,2023-10-18,790964
vue,2023-10-19,791424
vue,2023-10-20,727244
vue,2023-10-21,191941
vue,2023-10-22,188891
vue,2023-10-23,802555
vue,2023-10-24,827209
vue,2023-10-25,859650
vue,2023-10-26,818666
vue,2023-10-27,711264
vue,2023-10-28,189317
vue,2023-10-29,186774
vue,2023-10-30,785433
vue,2023-10-31,799965
vue,2023-11-01,707983
vue,2023-11-02,361883
vue,2023-11-03,0
vue,2023-11-04,188304
vue,2023-11-05,191971
vue,2023-11-06,806633
vue,2023-11-07,855402
vue,2023-11-08,852289
vue,2023-11-09,824782
vue,2023-11-10,697893
vue,2023-11-11,203766
vue,2023-11-12,203549
vue,2023-11-13,795331
vue,2023-11-14,816568
vue,2023-11-15,789864
vue,2023-11-16,825523
vue,2023-11-17,706915
vue,2023-11-18,203027
vue,2023-11-19,194037
vue,2023-11-20,800681
vue,2023-11-21,839201
vue,2023-11-22,778067
vue,2023-11-23,662212
vue,2023-11-24,596679
vue,2023-11-25,196118
vue,2023-11-26,196057
vue,2023-11-27,790899
vue,2023-11-28,837879
vue,2023-11-29,833632
vue,2023-11-30,823427
vue,2023-12-01,734177
vue,2023-12-02,206093
vue,2023-12-03,198245
vue,2023-12-04,835368
vue,2023-12-05,846196
vue,2023-12-06,813958
vue,2023-12-07,797190
vue,2023-12-08,681997
vue,2023-12-09,196852
vue,2023-12-10,193179
vue,2023-12-11,790780
vue,2023-12-12,815117
vue,2023-12-13,797024
vue,2023-12-14,778076
vue,2023-12-15,670494
vue,2023-12-16,201306
vue,2023-12-17,190624
vue,2023-12-18,790296
vue,2023-12-19,802476
vue,2023-12-20,760871
vue,2023-12-21,707315
vue,2023-12-22,564204
vue,2023-12-23,169732
vue,2023-12-24,159707
vue,2023-12-25,317371
vue,2023-12-26,413503
vue,2023-12-27,496438
vue,2023-12-28,472557
vue,2023-12-29,407970
vue,2023-12-30,196758
vue,2023-12-31,174355
vue,2024-01-01,231094
vue,2024-01-02,567599
vue,2024-01-03,663155
vue,2024-01-04,710250
vue,2024-01-05,642671
vue,2024-01-06,203928
vue,2024-01-07,201120
vue,2024-01-08,746888
vue,2024-01-09,833034
vue,2024-01-10,834301
vue,2024-01-11,841170
vue,2024-01-12,729295
vue,2024-01-13,216869
vue,2024-01-14,201761
vue,2024-01-15,784032
vue,2024-01-16,849242
vue,2024-01-17,857151
vue,2024-01-18,845263
vue,2024-01-19,766476
vue,2024-01-20,225031
vue,2024-01-21,216212
vue,2024-01-22,869780
vue,2024-01-23,860006
vue,2024-01-24,843914
vue,2024-01-25,833903
vue,2024-01-26,699330
vue,2024-01-27,200601
vue,2024-01-28,204148
vue,2024-01-29,831779
vue,2024-01-30,861889
vue,2024-01-31,857028
vue,2024-02-01,869024
vue,2024-02-02,743489
vue,2024-02-03,208347
vue,2024-02-04,223044
vue,2024-02-05,838499
vue,2024-02-06,852434
vue,2024-02-07,827857
vue,2024-02-08,833203
vue,2024-02-09,712911
vue,2024-02-10,203049
vue,2024-02-11,201967
vue,2024-02-12,735278
vue,2024-02-13,822955
vue,2024-02-14,820794
vue,2024-02-15,824667
vue,2024-02-16,731235
vue,2024-02-17,208284
vue,2024-02-18,218575
vue,2024-02-19,798796
vue,2024-02-20,883891
vue,2024-02-21,890517
vue,2024-02-22,874997
vue,2024-02-23,730882
vue,2024-02-24,207057
vue,2024-02-25,217208
vue,2024-02-26,910961
vue,2024-02-27,908910
vue,2024-02-28,913283
vue,2024-02-29,898319
vue,2024-03-01,789586
vue,2024-03-02,225956
vue,2024-03-03,239521
vue,2024-03-04,908037
vue,2024-03-05,923264
vue,2024-03-06,918786
vue,2024-03-07,908508
vue,2024-03-08,721414
vue,2024-03-09,212748
vue,2024-03-10,214813
vue,2024-03-11,877712
vue,2024-03-12,915983
vue,2024-03-13,887042
vue,2024-03-14,889804
vue,2024-03-15,781531
vue,2024-03-16,218758
vue,2024-03-17,222827
vue,2024-03-18,900884
vue,2024-03-19,924354
vue,2024-03-20,883283
vue,2024-03-21,899468
vue,2024-03-22,782942
vue,2024-03-23,219715
vue,2024-03-24,216889
vue,2024-03-25,890225
vue,2024-03-26,702458
vue,2024-03-27,912285
vue,2024-03-28,834956
vue,2024-03-29,579719
vue,2024-03-30,217412
vue,2024-03-31,212787
vue,2024-04-01,631949
vue,2024-04-02,897983
vue,2024-04-03,896090
vue,2024-04-04,868797
vue,2024-04-05,732283
vue,2024-04-06,201533
vue,2024-04-07,240798
vue,2024-04-08,870428
vue,2024-04-09,862979
vue,2024-04-10,868707
vue,2024-04-11,905123
vue,2024-04-12,778360
vue,2024-04-13,200393
vue,2024-04-14,204108
vue,2024-04-15,923021
vue,2024-04-16,957611
vue,2024-04-17,937527
vue,2024-04-18,913631
vue,2024-04-19,786889
vue,2024-04-20,220913
vue,2024-04-21,220188
vue,2024-04-22,928161
vue,2024-04-23,944926
vue,2024-04-24,972527
vue,2024-04-25,916870
vue,2024-04-26,796747
vue,2024-04-27,240224
vue,2024-04-28,245197
vue,2024-04-29,850848
vue,2024-04-30,880156
vue,2024-05-01,560687
vue,2024-05-02,840306
vue,2024-05-03,716032
vue,2024-05-04,215566
vue,2024-05-05,213840
vue,2024-05-06,824898
vue,2024-05-07,951974
vue,2024-05-08,891179
vue,2024-05-09,750213
vue,2024-05-10,714216
vue,2024-05-11,230761
vue,2024-05-12,212284
vue,2024-05-13,916499
vue,2024-05-14,951066
vue,2024-05-15,918682
vue,2024-05-16,922384
vue,2024-05-17,800981
vue,2024-05-18,207565
vue,2024-05-19,211389
vue,2024-05-20,769801
vue,2024-05-21,936236
vue,2024-05-22,944507
vue,2024-05-23,936169
vue,2024-05-24,799934
vue,2024-05-25,211811
vue,2024-05-26,211872
vue,2024-05-27,832850
vue,2024-05-28,946739
vue,2024-05-29,942788
vue,2024-05-30,857181
vue,2024-05-31,787270
vue,2024-06-01,229289
vue,2024-06-02,215913
vue,2024-06-03,947447
vue,2024-06-04,971784
vue,2024-06-05,959859
vue,2024-06-06,913594
vue,2024-06-07,800517
vue,2024-06-08,203317
vue,2024-06-09,206396
vue,2024-06-10,872443
vue,2024-06-11,963117
vue,2024-06-12,928705
vue,2024-06-13,933024
vue,2024-06-14,831761
vue,2024-06-15,210491
vue,2024-06-16,214185
vue,2024-06-17,919940
vue,2024-06-18,978630
vue,2024-06-19,926933
vue,2024-06-20,941849
vue,2024-06-21,811799
vue,2024-06-22,223137
vue,2024-06-23,227259
vue,2024-06-24,936603
vue,2024-06-25,958063
vue,2024-06-26,936593
vue,2024-06-27,919660
vue,2024-06-28,805810
vue,2024-06-29,216722
vue,2024-06-30,217760
vue,2024-07-01,925325
vue,2024-07-02,962886
vue,2024-07-03,931024
vue,2024-07-04,802459
vue,2024-07-05,709254
vue,2024-07-06,196110
vue,2024-07-07,204375
vue,2024-07-08,908296
vue,2024-07-09,925967
vue,2024-07-10,952851
vue,2024-07-11,948546
vue,2024-07-12,804559
vue,2024-07-13,212894
vue,2024-07-14,205949
vue,2024-07-15,865369
vue,2024-07-16,930183
vue,2024-07-17,947648
vue,2024-07-18,921026
vue,2024-07-19,814219
vue,2024-07-20,229772
vue,2024-07-21,233469
vue,2024-07-22,935888
vue,2024-07-23,954359
vue,2024-07-24,935170
vue,2024-07-25,919998
vue,2024-07-26,790462
vue,2024-07-27,204188
vue,2024-07-28,204717
vue,2024-07-29,906348
vue,2024-07-30,923317
vue,2024-07-31,931418
vue,2024-08-01,953986
vue,2024-08-02,799038
vue,2024-08-03,201167
vue,2024-08-04,201991
vue,2024-08-05,888884
vue,2024-08-06,940021
vue,2024-08-07,932885
vue,2024-08-08,927697
vue,2024-08-09,798350
vue,2024-08-10,205054
vue,2024-08-11,209596
vue,2024-08-12,854516
vue,2024-08-13,915893
vue,2024-08-14,887573
vue,2024-08-15,757519
vue,2024-08-16,762300
vue,2024-08-17,207865
vue,2024-08-18,223370
vue,2024-08-19,904039
vue,2024-08-20,965095
vue,2024-08-21,899557
vue,2024-08-22,934442
vue,2024-08-23,810825
vue,2024-08-24,206048
vue,2024-08-25,209683
vue,2024-08-26,975149
vue,2024-08-27,961763
vue,2024-08-28,958962
vue,2024-08-29,935732
vue,2024-08-30,802901
vue,2024-08-31,213026
vue,2024-09-01,242902
vue,2024-09-02,803475
vue,2024-09-03,988548
vue,2024-09-04,1035861
vue,2024-09-05,1015134
vue,2024-09-06,848188
vue,2024-09-07,219296
vue,2024-09-08,226974
vue,2024-09-09,987114
vue,2024-09-10,1024399
vue,2024-09-11,1003722
vue,2024-09-12,1013731
vue,2024-09-13,877686
vue,2024-09-14,243155
vue,2024-09-15,222152
vue,2024-09-16,931381
vue,2024-09-17,967871
vue,2024-09-18,998621
vue,2024-09-19,977463
vue,2024-09-20,888687
vue,2024-09-21,236948
vue,2024-09-22,239988
vue,2024-09-23,987857
vue,2024-09-24,1052822
vue,2024-09-25,1036419
vue,2024-09-26,1031059
vue,2024-09-27,952019
vue,2024-09-28,263290
vue,2024-09-29,264452
vue,2024-09-30,1091108
vue,2024-10-01,1029977
vue,2024-10-02,942351
vue,2024-10-03,899754
vue,2024-10-04,836264
vue,2024-10-05,218326
vue,2024-10-06,226032
vue,2024-10-07,984327
vue,2024-10-08,1022688
vue,2024-10-09,1016176
vue,2024-10-10,996097
vue,2024-10-11,865446
vue,2024-10-12,253812
vue,2024-10-13,238421
vue,2024-10-14,928072
vue,2024-10-15,1030069
vue,2024-10-16,1003962
vue,2024-10-17,1009587
vue,2024-10-18,859879
vue,2024-10-19,239832
vue,2024-10-20,262851
vue,2024-10-21,1005472
vue,2024-10-22,1032230
vue,2024-10-23,1018515
vue,2024-10-24,1013760
vue,2024-10-25,956288
vue,2024-10-26,266511
vue,2024-10-27,272774
vue,2024-10-28,1010806
vue,2024-10-29,1052671
vue,2024-10-30,1016915
vue,2024-10-31,947935
vue,2024-11-01,723584
vue,2024-11-02,245679
vue,2024-11-03,243932
vue,2024-11-04,942116
vue,2024-11-05,1026270
vue,2024-11-06,1016650
vue,2024-11-07,1036955
vue,2024-11-08,887901
vue,2024-11-09,290560
vue,2024-11-10,272963
vue,2024-11-11,922450
vue,2024-11-12,1068070
vue,2024-11-13,1078815
vue,2024-11-14,956715
vue,2024-11-15,913055
vue,2024-11-16,289686
vue,2024-11-17,296556
vue,2024-11-18,1072631
vue,2024-11-19,1157998
vue,2024-11-20,1084618
vue,2024-11-21,1085261
vue,2024-11-22,1008829
vue,2024-11-23,309025
vue,2024-11-24,289642
vue,2024-11-25,1103167
vue,2024-11-26,1207600
vue,2024-11-27,1061169
vue,2024-11-28,929387
vue,2024-11-29,813588
vue,2024-11-30,272733
vue,2024-12-01,260875
vue,2024-12-02,1082934
vue,2024-12-03,1149620
vue,2024-12-04,1164282
vue,2024-12-05,1110950
vue,2024-12-06,924957
vue,2024-12-07,244705
vue,2024-12-08,252934
vue,2024-12-09,1097919
vue,2024-12-10,1116630
vue,2024-12-11,1075715
vue,2024-12-12,1091503
vue,2024-12-13,896917
vue,2024-12-14,242450
vue,2024-12-15,245485
vue,2024-12-16,1054525
vue,2024-12-17,1111231
vue,2024-12-18,1068796
vue,2024-12-19,1113860
vue,2024-12-20,925094
vue,2024-12-21,239191
vue,2024-12-22,224502
vue,2024-12-23,688493
vue,2024-12-24,514864
vue,2024-12-25,347095
vue,2024-12-26,478408
vue,2024-12-27,486044
vue,2024-12-28,239645
vue,2024-12-29,238863
vue,2024-12-30,524833
vue,2024-12-31,399257
vue,2025-01-01,248655
vue,2025-01-02,662877
vue,2025-01-03,677770
vue,2025-01-04,261455
vue,2025-01-05,253043
vue,2025-01-06,902521
vue,2025-01-07,962928
vue,2025-01-08,1010470
vue,2025-01-09,1056300
vue,2025-01-10,946163
vue,2025-01-11,245330
vue,2025-01-12,244855
vue,2025-01-13,997455
vue,2025-01-14,1058134
vue,2025-01-15,1085902
vue,2025-01-16,1100514
vue,2025-01-17,1000266
vue,2025-01-18,251350
vue,2025-01-19,251010
vue,2025-01-20,988550
vue,2025-01-21,1065864
vue,2025-01-22,1103725
vue,2025-01-23,1136518
vue,2025-01-24,988635
vue,2025-01-25,265181
vue,2025-01-26,261857
vue,2025-01-27,1090171
vue,2025-01-28,1102991
vue,2025-01-29,1072799
vue,2025-01-30,1053019
vue,2025-01-31,948996
vue,2025-02-01,288480
vue,2025-02-02,266041
vue,2025-02-03,1130353
vue,2025-02-04,1145285
vue,2025-02-05,1159221
vue,2025-02-06,1131063
vue,2025-02-07,1015383
vue,2025-02-08,297155
vue,2025-02-09,306061
vue,2025-02-10,1151355
vue,2025-02-11,1194212
vue,2025-02-12,1185331
vue,2025-02-13,1194436
vue,2025-02-14,1025049
vue,2025-02-15,283609
vue,2025-02-16,290391
vue,2025-02-17,1104672
vue,2025-02-18,1212622
vue,2025-02-19,1232997
vue,2025-02-20,1167537
vue,2025-02-21,1036368
vue,2025-02-22,286990
vue,2025-02-23,276948
vue,2025-02-24,1138387
vue,2025-02-25,1250196
vue,2025-02-26,1248309
vue,2025-02-27,1213182
vue,2025-02-28,1038615
vue,2025-03-01,301365
vue,2025-03-02,318693
vue,2025-03-03,1191101
vue,2025-03-04,1187036
vue,2025-03-05,1194316
vue,2025-03-06,1189940
vue,2025-03-07,1048990
vue,2025-03-08,297858
vue,2025-03-09,300305
vue,2025-03-10,1177402
vue,2025-03-11,1251101
vue,2025-03-12,1200686
vue,2025-03-13,1205702
vue,2025-03-14,1001245
vue,2025-03-15,310204
vue,2025-03-16,276764
vue,2025-03-17,1173370
vue,2025-03-18,1206003
vue,2025-03-19,1218586
vue,2025-03-20,1157672
vue,2025-03-21,1015581
vue,2025-03-22,284728
vue,2025-03-23,274092
vue,2025-03-24,1145576
vue,2025-03-25,1182478
vue,2025-03-26,1145179
vue,2025-03-27,1132307
vue,2025-03-28,1016693
vue,2025-03-29,278145
vue,2025-03-30,286574
vue,2025-03-31,1153929
vue,2025-04-01,1276237
vue,2025-04-02,1190877
vue,2025-04-03,1169901
vue,2025-04-04,979206
vue,2025-04-05,335379
vue,2025-04-06,344630
vue,2025-04-07,1158247
vue,2025-04-08,1226360
vue,2025-04-09,1175939
vue,2025-04-10,1177504
vue,2025-04-11,1015540
vue,2025-04-12,304366
vue,2025-04-13,282387
vue,2025-04-14,1142171
vue,2025-04-15,1170039
vue,2025-04-16,1211067
vue,2025-04-17,1119282
vue,2025-04-18,715645
vue,2025-04-19,314206
vue,2025-04-20,311637
vue,2025-04-21,783102
vue,2025-04-22,1158537
vue,2025-04-23,1184915
vue,2025-04-24,1180423
vue,2025-04-25,1004559
vue,2025-04-26,282698
vue,2025-04-27,331969
vue,2025-04-28,1106861
vue,2025-04-29,1124539
vue,2025-04-30,1103644
vue,2025-05-01,679241
vue,2025-05-02,794304
vue,2025-05-03,293706
vue,2025-05-04,300382
vue,2025-05-05,986186
vue,2025-05-06,1164986
vue,2025-05-07,1146472
vue,2025-05-08,1082709
vue,2025-05-09,945133
vue,2025-05-10,296296
vue,2025-05-11,317233
vue,2025-05-12,1154790
vue,2025-05-13,1186642
vue,2025-05-14,1173355
vue,2025-05-15,1159455
vue,2025-05-16,1040493
vue,2025-05-17,278041
vue,2025-05-18,324622
vue,2025-05-19,1224699
vue,2025-05-20,1285167
vue,2025-05-21,1267706
vue,2025-05-22,1214784
vue,2025-05-23,1048584
vue,2025-05-24,343435
vue,2025-05-25,335314
vue,2025-05-26,1038418
vue,2025-05-27,1278279
vue,2025-05-28,1178046
vue,2025-05-29,1009668
vue,2025-05-30,993209
vue,2025-05-31,305078
vue,2025-06-01,354935
vue,2025-06-02,1254684
vue,2025-06-03,1268812
vue,2025-06-04,1294088
vue,2025-06-05,1285277
vue,2025-06-06,1061105
vue,2025-06-07,288951
vue,2025-06-08,278156
vue,2025-06-09,967068
vue,2025-06-10,1192477
vue,2025-06-11,1299331
vue,2025-06-12,1206383
vue,2025-06-13,1166955
vue,2025-06-14,451824
vue,2025-06-15,419736
vue,2025-06-16,1301650
vue,2025-06-17,1384152
vue,2025-06-18,1478556
vue,2025-06-19,1125030
vue,2025-06-20,1238326
vue,2025-06-21,642415
vue,2025-06-22,531869
vue,2025-06-23,1395743
vue,2025-06-24,1488099
vue,2025-06-25,1298539
vue,2025-06-26,1232334
vue,2025-06-27,1199745
vue,2025-06-28,438535
vue,2025-06-29,427893
vue,2025-06-30,1247102
vue,2025-07-01,1308608
vue,2025-07-02,1232390
vue,2025-07-03,1160519
vue,2025-07-04,924943
vue,2025-07-05,361119
vue,2025-07-06,392186
vue,2025-07-07,1253496
vue,2025-07-08,1254248
vue,2025-07-09,1152027
vue,2025-07-10,1135532
vue,2025-07-11,1061575
vue,2025-07-12,365469
vue,2025-07-13,400810
vue,2025-07-14,1157326
vue,2025-07-15,1202845
vue,2025-07-16,1260228
vue,2025-07-17,1337693
vue,2025-07-18,1040976
vue,2025-07-19,360242
vue,2025-07-20,343607
vue,2025-07-21,1119007
vue,2025-07-22,1204135
vue,2025-07-23,1254981
vue,2025-07-24,1209414
vue,2025-07-25,1032241
vue,2025-07-26,291290
vue,2025-07-27,295846
vue,2025-07-28,1224185
vue,2025-07-29,1287654
vue,2025-07-30,1219840
vue,2025-07-31,1285656
vue,2025-08-01,1070542
vue,2025-08-02,325866
vue,2025-08-03,330772
vue,2025-08-04,1146124
vue,2025-08-05,1218844
vue,2025-08-06,1204272
vue,2025-08-07,1168378
vue,2025-08-08,1011051
vue,2025-08-09,291132
vue,2025-08-10,339324
vue,2025-08-11,1097808
vue,2025-08-12,1160463
vue,2025-08-13,1209437
vue,2025-08-14,1203651
vue,2025-08-15,949166
vue,2025-08-16,527158
vue,2025-08-17,558702
vue,2025-08-18,1299188
vue,2025-08-19,1291902
vue,2025-08-20,1338893
vue,2025-08-21,1448184
vue,2025-08-22,1266659
vue,2025-08-23,527818
vue,2025-08-24,541924
vue,2025-08-25,1358065
vue,2025-08-26,1409878
vue,2025-08-27,1419151
vue,2025-08-28,1436917
vue,2025-08-29,1583276
vue,2025-08-30,1168249
vue,2025-08-31,1560541
vue,2025-09-01,1584456
vue,2025-09-02,1425174
vue,2025-09-03,1363589
vue,2025-09-04,1444019
vue,2025-09-05,1316638
vue,2025-09-06,581219
vue,2025-09-07,562871
vue,2025-09-08,1445097
vue,2025-09-09,1350860
vue,2025-09-10,1394992
vue,2025-09-11,1427805
vue,2025-09-12,1281764
vue,2025-09-13,455995
vue,2025-09-14,366125
vue,2025-09-15,1219596
vue,2025-09-16,1295807
vue,2025-09-17,1351392
vue,2025-09-18,1297772
vue,2025-09-19,1135008
vue,2025-09-20,351976
vue,2025-09-21,358763
vue,2025-09-22,1257243
vue,2025-09-23,1236197
vue,2025-09-24,1314133
vue,2025-09-25,1410879
vue,2025-09-26,1208771
vue,2025-09-27,407662
vue,2025-09-28,468890
vue,2025-09-29,1336908
vue,2025-09-30,1358175
vue,2025-10-01,1299344
vue,2025-10-02,1247585
vue,2025-10-03,1072636
vue,2025-10-04,377506
vue,2025-10-05,369682
vue,2025-10-06,1239076
vue,2025-10-07,1319539
vue,2025-10-08,1305372
vue,2025-10-09,1291709
vue,2025-10-10,1180655
vue,2025-10-11,418098
vue,2025-10-12,368103
vue,2025-10-13,1178673
vue,2025-10-14,1338973
vue,2025-10-15,1350195
vue,2025-10-16,1343310
vue,2025-10-17,1194912
vue,2025-10-18,0
vue,2025-10-19,432430
vue,2025-10-20,1218844
vue,2025-10-21,0
vue,2025-10-22,1354027
vue,2025-10-23,1322001
vue,2025-10-24,1303598
vue,2025-10-25,495798
vue,2025-10-26,390657
vue,2025-10-27,1328164
vue,2025-10-28,1335276
vue,2025-10-29,1315108
vue,2025-10-30,1329828
vue,2025-10-31,1133231
vue,2025-11-01,416169
vue,2025-11-02,363664
vue,2025-11-03,1252231
vue,2025-11-04,1336110
vue,2025-11-05,1346282
vue,2025-11-06,1391541
vue,2025-11-07,1225645
vue,2025-11-08,434927
vue,2025-11-09,434266
vue,2025-11-10,1329782
vue,2025-11-11,1256803
vue,2025-11-12,1376579
vue,2025-11-13,1350315
vue,2025-11-14,1195582
vue,2025-11-15,407321
vue,2025-11-16,407356
vue,2025-11-17,1317780
vue,2025-11-18,1401006
vue,2025-11-19,1450777
vue,2025-11-20,1368434
vue,2025-11-21,1210880
vue,2025-11-22,424792
vue,2025-11-23,425066
vue,2025-11-24,1390893
vue,2025-11-25,1458716
vue,2025-11-26,1449800
vue,2025-11-27,1278928
vue,2025-11-28,1127806
vue,2025-11-29,451946
vue,2025-11-30,422054
vue,2025-12-01,1464309
vue,2025-12-02,1592263
vue,2025-12-03,1528973
vue,2025-12-04,1512828
vue,2025-12-05,1294766
vue,2025-12-06,619350
vue,2025-12-07,810468
vue,2025-12-08,1441384
vue,2025-12-09,1563245
vue,2025-12-10,1506773
vue,2025-12-11,1455993
vue,2025-12-12,1214419
vue,2025-12-13,416068
vue,2025-12-14,451672
vue,2025-12-15,1405630
vue,2025-12-16,1526388
vue,2025-12-17,1451778
vue,2025-12-18,1393816
vue,2025-12-19,1183118
vue,2025-12-20,446072
vue,2025-12-21,395770
vue,2025-12-22,1118293
vue,2025-12-23,1073038
vue,2025-12-24,797021
vue,2025-12-25,508256
vue,2025-12-26,570439
vue,2025-12-27,337263
vue,2025-12-28,349769
vue,2025-12-29,811639
vue,2025-12-30,786276
vue,2025-12-31,623119
vue,2026-01-01,405424
vue,2026-01-02,602934
vue,2026-01-03,343282
vue,2026-01-04,398121
vue,2026-01-05,1170228
vue,2026-01-06,1202189
vue,2026-01-07,1291060
vue,2026-01-08,1342183
vue,2026-01-09,1196173
vue,2026-01-10,425557
vue,2026-01-11,435931
vue,2026-01-12,1366986
vue,2026-01-13,1487029
vue,2026-01-14,1468993
vue,2026-01-15,1468026
vue,2026-01-16,1297025
vue,2026-01-17,468946
vue,2026-01-18,468259
vue,2026-01-19,1422352
vue,2026-01-20,1518186
vue,2026-01-21,1577195
vue,2026-01-22,1535362
vue,2026-01-23,1357242
vue,2026-01-24,478226
vue,2026-01-25,487393
vue,2026-01-26,1476561
vue,2026-01-27,1583548
vue,2026-01-28,1545251
vue,2026-01-29,1539052
vue,2026-01-30,1371537
vue,2026-01-31,494022
vue,2026-02-01,515477
vue,2026-02-02,1453732
vue,2026-02-03,1630344
vue,2026-02-04,1585665
vue,2026-02-05,1601409
vue,2026-02-06,1411630
vue,2026-02-07,520673
vue,2026-02-08,533173
vue,2026-02-09,1566682
vue,2026-02-10,1708370
vue,2026-02-11,1607386
vue,2026-02-12,1629562
vue,2026-02-13,1381895
vue,2026-02-14,527840
vue,2026-02-15,546079
vue,2026-02-16,1354343
vue,2026-02-17,1482645
vue,2026-02-18,1547638
vue,2026-02-19,1596749
vue,2026-02-20,1415417
vue,2026-02-21,569054
vue,2026-02-22,603030
vue,2026-02-23,1547239
vue,2026-02-24,1774083
vue,2026-02-25,1745377
vue,2026-02-26,1700282
vue,2026-02-27,1496813
vue,2026-02-28,627208
vue,2026-03-01,643561
vue,2026-03-02,1726042
vue,2026-03-03,1795934
vue,2026-03-04,1826745
vue,2026-03-05,1864302
vue,2026-03-06,1768032
vue,2026-03-07,881870
vue,2026-03-08,830518
vue,2026-03-09,1940085
vue,2026-03-10,2065511
vue,2026-03-11,1967813
vue,2026-03-12,2001859
vue,2026-03-13,1736741
vue,2026-03-14,689142
vue,2026-03-15,678117
vue,2026-03-16,1950230
vue,2026-03-17,2025988
vue,2026-03-18,1979751
vue,2026-03-19,1879054
vue,2026-03-20,1613769
vue,2026-03-21,676379
vue,2026-03-22,702549
vue,2026-03-23,1894613
vue,2026-03-24,1891280
vue,2026-03-25,1978867
vue,2026-03-26,1989110
vue,2026-03-27,1744122
vue,2026-03-28,765496
vue,2026-03-29,800203
vue,2026-03-30,2028421
vue,2026-03-31,2051177
vue,2026-04-01,2034799
vue,2026-04-02,1905742
vue,2026-04-03,1383988
vue,2026-04-04,775222
vue,2026-04-05,782306
vue,2026-04-06,1459166
vue,2026-04-07,2021778
vue,2026-04-08,2031670
vue,2026-04-09,2026714
vue,2026-04-10,1741132
vue,2026-04-11,722084
vue,2026-04-12,746955
vue,2026-04-13,1895948
vue,2026-04-14,1965796
vue,2026-04-15,1995305
vue,2026-04-16,1955941
vue,2026-04-17,1760330
vue,2026-04-18,696553
vue,2026-04-19,730838
vue,2026-04-20,1966329
vue,2026-04-21,1968845
vue,2026-04-22,2079126
vue,2026-04-23,1981879
vue,2026-04-24,1749499
vue,2026-04-25,707972
vue,2026-04-26,788498
vue,2026-04-27,2231035
vue,2026-04-28,2148336
vue,2026-04-29,2114171
vue,2026-04-30,1975955
vue,2026-05-01,1272032
vue,2026-05-02,692260
vue,2026-05-03,746101
vue,2026-05-04,1899895
vue,2026-05-05,2066821
vue,2026-05-06,2107670
vue,2026-05-07,2204696
vue,2026-05-08,1869516
vue,2026-05-09,881472
vue,2026-05-10,810554
vue,2026-05-11,2154293
vue,2026-05-12,2361737
vue,2026-05-13,2333517
vue,2026-05-14,1974910
vue,2026-05-15,1941724
vue,2026-05-16,868932
vue,2026-05-17,840764
vue,2026-05-18,2265751
vue,2026-05-19,2452008
vue,2026-05-20,2425829
vue,2026-05-21,2389915
vue,2026-05-22,2011682
vue,2026-05-23,1000108
vue,2026-05-24,1002381
vue,2026-05-25,1668067
vue,2026-05-26,2054351
vue,2026-05-27,2176670
vue,2026-05-28,2244527
vue,2026-05-29,1937586
vue,2026-05-30,862658
vue,2026-05-31,791409
vue,2026-06-01,2158936
vue,2026-06-02,2306870
vue,2026-06-03,0
vue,2026-06-04,2149630
vue,2026-06-05,1937157
vue,2026-06-06,821389
vue,2026-06-07,808255
vue,2026-06-08,2157825
vue,2026-06-09,2333036
vue,2026-06-10,2303937
vue,2026-06-11,2504776
vue,2026-06-12,2404981
vue,2026-06-13,1078884
vue,2026-06-14,873455
vue,2026-06-15,2292625
vue,2026-06-16,2459832
vue,2026-06-17,2453999
vue,2026-06-18,2415224
vue,2026-06-19,2110686
vue,2026-06-20,1136486
vue,2026-06-21,1111931
vue,2026-06-22,2430842
vue,2026-06-23,2375574
vue,2026-06-24,2312457
vue,2026-06-25,2304139
vue,2026-06-26,2122030
vue,2026-06-27,1215241
vue,2026-06-28,994263
vue,2026-06-29,2279089
vue,2026-06-30,2414729
vue,2026-07-01,2286945
vue,2026-07-02,2254098
vue,2026-07-03,1866049
vue,2026-07-04,880191
vue,2026-07-05,828126
vue,2026-07-06,2233863
vue,2026-07-07,2392173
vue,2026-07-08,2414476
vue,2026-07-09,2436559
vue,2026-07-10,2088891
vue,2026-07-11,997653
vue,2026-07-12,0
vue,2026-07-13,2365029
vue,2026-07-14,2434010
vue,2026-07-15,2424603
vue,2026-07-16,2373196
vue,2026-07-17,2193165
vue,2026-07-18,1148688
vue,2026-07-19,1158386
vue,2026-07-20,2405656
vue,2026-07-21,2497102
vue,2026-07-22,2553433
vue,2026-07-23,2446127
vue,2026-07-24,2228173
vue,2026-07-25,970522
vue,2026-07-26,973561
vue,2026-07-27,2475109
vue,2026-07-28,2523796
vue,2026-07-29,2516754
vue,2026-07-30,2517801
vue,2026-07-31,2191729
vue,2026-08-01,1064308
vue,2026-08-02,1017119
vue,2026-08-03,2469465
vue,2026-08-04,2616033
vue,2026-08-05,2628124
vue,2026-08-06,2273037
vue,2026-08-07,2402122
vue,2026-08-08,1094763
vue,2026-08-09,1066578
vue,2026-08-10,2500297
vue,2026-08-11,0
vue,2026-08-12,2569140
vue,2026-08-13,2552662
vue,2026-08-14,0
vue,2026-08-15,1104454
vue,2026-08-16,1115116
vue,2026-08-17,2389583
vue,2026-08-18,0
